Hourly data from Truax field, Jan 01 2019 to Dec 31 2019
Dewpoint measured in degrees C
Accumulated liquid precipitation measured in mm
dewpoint_degc,liqprec_mm
-1.1,
-1.7,0.3
-2.2,0.5
-2.2,0.5
-2.2,-0.1
-2.2,-0.1
-2.8,0.3
-3.9,-0.1
-5.6,0.0
-6.7,0.0
-7.2,0.0
-7.8,0.0
-8.3,0.0
-8.3,0.0
-8.9,0.0
-9.4,0.0
-10.0,0.0
-10.6,0.0
-10.6,0.0
-11.1,-0.1
-11.1,0.0
-11.7,0.0
-11.1,0.0
-11.1,0.0
-10.6,0.0
-10.6,0.0
-10.6,0.0
-10.6,0.0
-10.6,0.0
-10.0,0.0
-10.0,0.0
-9.4,0.0
-8.9,0.0
-8.3,0.0
-8.9,0.0
-8.3,-0.1
-8.3,0.0
-7.2,-0.1
-6.1,-0.1
-5.6,0.3
-6.1,0.3
-6.1,-0.1
-7.2,-0.1
-7.2,0.3
-7.2,-0.1
-7.8,-0.1
-7.8,0.0
-7.8,0.0
-8.3,0.0
-8.3,0.0
-8.3,0.0
-7.8,0.0
-7.2,0.0
-7.8,0.0
-7.8,0.0
-8.3,0.0
-8.3,0.0
-8.3,0.0
-8.3,0.0
-8.3,0.0
-8.3,0.0
-8.3,0.0
-7.8,0.0
-7.2,0.0
-6.7,0.0
-6.1,0.0
-5.6,0.0
-4.4,0.0
-3.9,0.0
-3.9,0.0
-3.3,0.0
-2.8,0.0
-2.2,0.0
-2.2,0.0
-2.2,0.0
-2.2,0.0
-2.2,0.0
-2.2,0.0
-2.2,0.0
-2.8,0.0
-2.2,0.0
-2.8,0.0
-2.8,0.0
-3.3,0.0
-3.3,0.0
-3.3,0.0
-3.9,0.0
-3.3,0.0
-3.3,0.0
-2.2,0.0
-2.2,0.0
-2.2,0.0
-1.7,0.0
-1.1,0.0
-1.7,0.0
-1.7,0.0
-2.2,0.0
-2.2,0.0
-3.3,0.0
-3.9,0.0
-4.4,0.0
-3.9,0.0
-5.0,0.0
-5.0,0.0
-5.0,0.0
-5.0,0.0
-3.9,0.0
-5.6,0.0
-2.2,0.0
-2.8,0.0
-2.2,0.0
-1.1,0.0
0.0,0.0
-0.6,0.0
-0.6,0.0
-0.6,0.0
-0.6,0.0
-1.1,0.0
-0.6,0.0
-1.1,0.0
-1.7,0.0
-1.7,0.0
-1.7,0.0
-2.8,0.0
-1.1,0.0
-1.7,0.0
-2.8,0.0
-2.8,0.0
-2.8,0.0
-2.8,0.0
-3.9,0.0
-5.0,0.0
-5.6,0.0
-5.0,0.0
-4.4,0.0
-2.8,0.0
-2.2,0.0
-2.8,0.0
-2.2,0.0
-1.7,0.0
-1.1,0.0
-1.7,0.0
-1.7,0.0
-2.8,0.0
-2.8,0.0
-2.8,0.0
-3.3,-0.1
-2.2,-0.1
-1.7,0.0
-1.1,-0.1
-0.6,-0.1
0.6,1.8
1.1,2.3
1.1,1.8
1.1,1.5
2.2,2.0
2.8,1.8
3.9,1.8
4.4,1.3
5.0,4.6
5.6,2.0
6.1,2.3
6.7,2.5
6.7,2.0
6.7,0.3
6.7,0.0
3.9,0.0
2.2,0.0
1.7,0.0
1.7,0.0
1.7,0.0
1.1,0.0
1.1,0.0
0.6,0.0
0.6,0.0
0.6,0.0
0.6,0.0
0.6,0.0
1.1,0.0
1.1,0.0
1.1,0.0
1.1,0.0
0.6,0.0
0.6,0.0
0.6,0.0
-0.6,0.0
-3.3,0.0
-5.0,0.0
-4.4,0.0
-5.6,0.0
-5.0,0.0
-6.7,0.0
-8.9,0.0
-10.0,0.0
-11.7,0.0
-12.2,0.0
-12.8,0.0
-13.3,0.0
-13.3,0.0
-14.4,0.0
-14.4,0.0
-13.9,0.0
-14.4,0.0
-13.9,0.0
-15.0,0.0
-15.0,0.0
-16.1,0.0
-16.1,0.0
-16.1,0.0
-16.1,0.0
-15.6,0.0
-15.6,0.0
-15.0,0.0
-15.0,0.0
-15.0,0.0
-15.6,0.0
-15.0,0.0
-15.0,0.0
-15.0,0.0
-15.0,0.0
-15.6,0.0
-15.0,0.0
-15.6,0.0
-15.6,0.0
-15.6,0.0
-15.0,0.0
-15.0,0.0
-15.0,0.0
-14.4,0.0
-14.4,0.0
-14.4,0.0
-13.3,0.0
-12.8,0.0
-12.8,0.0
-12.2,0.0
-11.7,0.0
-11.7,0.0
-11.1,0.0
-11.1,0.0
-11.1,0.0
-11.1,0.0
-11.1,0.0
-11.1,0.0
-10.6,0.0
-10.6,0.0
-10.0,0.0
-10.0,0.0
-10.0,0.0
-10.6,0.0
-10.0,0.0
-10.6,0.0
-10.6,0.0
-9.4,0.0
-10.0,0.0
-9.4,0.0
-8.3,0.0
-7.8,0.0
-7.8,0.0
-7.2,0.0
-7.8,0.0
-7.2,0.0
-7.2,0.0
-7.2,0.0
-6.7,0.0
-6.7,0.0
-6.1,0.0
-6.1,0.0
-5.6,0.0
-5.6,0.0
-5.6,0.0
-5.6,0.0
-5.6,0.0
-5.6,0.0
-5.6,0.0
-5.6,0.0
-5.6,0.0
-5.6,0.0
-5.6,0.0
-5.6,0.0
-5.0,0.0
-4.4,0.0
-3.9,0.0
-4.4,0.0
-5.0,0.0
-5.0,0.0
-5.0,0.0
-5.0,0.0
-5.6,0.0
-5.6,0.0
-6.1,0.0
-6.1,0.0
-6.1,0.0
-6.7,0.0
-6.7,0.0
-6.1,0.0
-5.6,0.0
-5.6,0.0
-5.6,0.0
-5.6,0.0
-6.1,0.0
-6.1,0.0
-7.2,0.0
-7.2,0.0
-6.1,0.0
-6.7,0.0
-6.1,0.0
-6.1,0.0
-6.1,0.0
-6.7,0.0
-6.7,0.0
-6.7,0.0
-6.7,0.0
-6.7,0.0
-6.7,0.0
-6.7,0.0
-6.7,0.0
-6.7,0.0
-6.7,0.0
-6.7,0.0
-6.7,0.0
-6.7,0.0
-6.7,0.0
-6.7,0.0
-6.1,0.0
-6.1,0.0
-6.1,0.0
-6.7,0.0
-6.1,0.0
-5.6,0.0
-5.6,0.0
-6.1,0.0
-5.6,0.0
-5.6,0.0
-6.1,0.0
-5.6,0.0
-7.2,0.0
-7.2,0.0
-6.7,0.0
-6.7,0.0
-6.7,0.0
-6.1,0.0
-5.6,0.0
-5.6,0.0
-5.6,0.0
-5.0,0.0
-5.0,0.0
-5.0,0.0
-5.0,0.0
-4.4,0.0
-4.4,0.0
-4.4,0.0
-4.4,0.0
-4.4,0.0
-4.4,0.0
-3.9,0.0
-4.4,0.0
-3.9,0.0
-3.9,0.0
-3.3,0.0
-3.3,0.0
-2.8,0.0
-2.8,0.0
-2.8,0.0
-2.2,-0.1
-1.7,-0.1
-1.7,0.0
-2.2,0.0
-3.9,0.0
-5.6,0.0
-7.2,0.0
-7.2,0.0
-8.3,0.0
-8.9,0.0
-8.9,0.0
-8.9,0.0
-9.4,0.0
-10.6,0.0
-10.6,0.0
-10.6,0.0
-10.6,0.0
-11.1,0.0
-11.7,0.0
-11.1,0.0
-11.1,0.0
-11.7,0.0
-11.1,0.0
-10.6,0.0
-10.0,0.0
-8.9,0.0
-9.4,0.0
-8.9,0.0
-8.3,0.0
-8.3,0.0
-7.8,0.0
-7.8,0.0
-7.8,0.0
-7.8,0.0
-7.8,0.0
-7.2,0.0
-7.2,0.0
-6.7,0.0
-6.1,0.0
-6.1,-0.1
-5.6,-0.1
-5.0,-0.1
-5.0,-0.1
-4.4,-0.1
-5.0,-0.1
-4.4,-0.1
-4.4,-0.1
-4.4,-0.1
-5.0,0.0
-5.6,0.0
-6.7,0.0
-7.2,0.0
-7.8,0.0
-8.3,0.0
-9.4,0.0
-10.6,0.0
-11.1,0.0
-12.2,0.0
-12.8,0.0
-12.8,0.0
-13.3,0.0
-13.3,0.0
-14.4,0.0
-14.4,0.0
-15.0,0.0
-15.0,-0.1
-10.0,0.2
-9.4,1.0
-10.6,0.5
-10.6,1.3
-10.6,1.0
-10.6,0.5
-10.6,1.0
-10.6,1.3
-11.1,1.0
-11.1,0.5
-12.2,0.5
-13.3,1.0
-13.3,0.3
-13.9,0.3
-14.4,-0.1
-14.4,-0.1
-15.0,-0.1
-15.6,-0.1
-15.6,-0.1
-15.6,-0.1
-15.0,-0.1
-14.4,-0.1
-13.9,0.3
-13.9,0.0
-13.9,0.0
-13.9,0.0
-14.4,0.0
-15.6,0.0
-16.1,0.0
-16.1,0.0
-17.2,0.0
-17.8,0.0
-18.3,0.0
-18.9,0.0
-20.6,0.0
-20.6,0.0
-21.1,0.0
-21.1,0.0
-21.1,0.0
-21.7,0.0
-21.7,0.0
-22.2,0.0
-21.1,0.0
-21.1,0.0
-22.2,0.0
-22.2,0.0
-21.7,0.0
-20.6,0.0
-20.6,0.0
-21.1,0.0
-22.2,0.0
-21.7,0.0
-21.7,0.0
-22.2,0.0
-24.4,0.0
-24.4,0.0
-25.0,0.0
-25.6,0.0
-26.7,0.0
-26.7,0.0
-27.8,0.0
-27.2,0.0
-26.1,0.0
-26.7,0.0
-26.7,0.0
-26.1,0.0
-21.1,0.0
-19.4,0.0
-17.8,-0.1
-16.1,-0.1
-15.6,0.0
-15.0,0.0
-15.0,0.0
-15.6,0.0
-15.0,0.0
-15.0,0.0
-14.4,0.0
-14.4,0.0
-16.7,0.0
-19.4,0.0
-21.1,0.0
-21.1,0.0
-19.4,0.0
-18.3,0.0
-17.8,0.0
-17.2,0.0
-15.6,0.0
-15.0,0.0
-13.9,0.0
-13.3,0.0
-12.2,-0.1
-9.4,-0.1
-8.3,0.3
-7.8,-0.1
-7.8,0.3
-7.2,0.3
-6.7,-0.1
-6.7,-0.1
-6.7,-0.1
-6.1,-0.1
-6.1,1.0
-6.7,1.0
-6.7,0.5
-6.7,0.3
-7.2,-0.1
-8.3,0.3
-8.3,0.5
-8.3,0.8
-9.4,0.3
-8.9,0.5
-9.4,0.8
-9.4,-0.1
-9.4,1.2
-9.4,0.8
-9.4,0.8
-9.4,1.0
-9.4,0.5
-10.0,-0.1
-10.0,-0.1
-10.0,-0.1
-10.0,0.0
-10.6,0.0
-11.1,0.0
-11.1,0.0
-11.7,0.0
-13.3,0.0
-14.4,-0.1
-15.6,-0.1
-16.7,0.0
-16.1,0.0
-17.2,0.0
-18.3,0.0
-20.0,0.0
-19.4,0.0
-18.3,0.0
-15.6,0.0
-13.9,-0.1
-11.7,0.0
-11.1,-0.1
-10.6,-0.1
-10.6,-0.1
-10.0,-0.1
-11.1,-0.1
-11.7,-0.1
-11.1,-0.1
-12.2,-0.1
-13.9,-0.1
-14.4,-0.1
-18.3,-0.1
-20.6,-0.1
-22.2,0.0
-21.7,0.0
-21.1,0.0
-22.2,0.0
-23.9,0.0
-24.4,0.0
-25.0,0.0
-25.6,0.0
-26.1,0.0
-26.1,0.0
-26.1,0.0
-26.1,0.0
-26.1,0.0
-25.6,0.0
-25.0,0.0
-25.0,0.0
-25.0,0.0
-25.6,0.0
-24.4,0.0
-23.9,0.0
-23.3,0.0
-23.9,0.0
-24.4,0.0
-25.6,0.0
-25.6,0.0
-28.3,0.0
-28.9,0.0
-30.0,0.0
-29.4,0.0
-31.1,0.0
-31.1,0.0
-31.1,0.0
-32.8,0.0
-32.2,0.0
-32.8,0.0
-31.1,0.0
-27.8,0.0
-23.9,0.0
-23.9,0.0
-23.9,0.0
-23.3,0.0
-21.1,-0.1
-20.0,0.3
-19.4,0.3
-18.9,-0.1
-18.9,-0.1
-18.9,-0.1
-18.9,-0.1
-18.9,-0.1
-18.9,-0.1
-20.0,-0.1
-20.6,0.0
-20.6,0.0
-21.1,0.0
-21.7,0.0
-22.8,0.0
-24.4,0.0
-25.0,0.0
-25.6,0.0
-25.0,0.0
-23.3,0.0
-23.9,0.0
-23.9,0.0
-22.8,-0.1
-25.0,0.0
-25.6,0.0
-22.8,0.0
-23.3,0.0
-23.3,0.0
-23.3,0.0
-22.2,0.0
-22.8,0.0
-21.7,0.0
-20.0,-0.1
-18.9,-0.1
-18.3,1.0
-17.2,2.0
-16.1,2.5
-13.9,3.0
-12.8,1.3
-11.1,0.3
-9.4,0.3
-8.3,0.5
-7.8,0.3
-7.2,-0.1
-10.0,0.3
-11.7,0.3
-11.7,-0.1
-12.8,-0.1
-12.8,-0.1
-13.9,-0.1
-15.0,-0.1
-16.1,-0.1
-16.7,0.0
-16.7,0.0
-17.2,0.0
-18.3,0.0
-18.3,0.0
-19.4,0.0
-19.4,0.0
-18.3,-0.1
-17.2,-0.1
-17.8,-0.1
-19.4,-0.1
-21.1,0.0
-22.2,0.0
-23.3,0.0
-23.3,0.0
-22.8,0.0
-23.3,0.0
-24.4,0.0
-25.6,0.0
-26.7,0.0
-26.1,0.0
-28.3,0.0
-27.8,0.0
-26.7,0.0
-28.9,-0.1
-27.2,-0.1
-29.4,-0.1
-32.2,-0.1
-33.9,0.0
-33.3,0.0
-31.7,0.0
-34.4,0.0
-33.3,0.0
-34.4,0.0
-36.1,0.0
-36.1,0.0
-36.7,0.0
-37.2,0.0
-37.2,0.0
-36.7,0.0
-36.7,0.0
-36.1,0.0
-33.9,0.0
-32.8,0.0
-31.7,0.0
-31.1,0.0
-30.6,0.0
-31.7,0.0
-32.2,0.0
-32.2,0.0
-32.8,0.0
-32.8,0.0
-33.3,0.0
-33.3,0.0
-33.3,0.0
-33.3,0.0
-33.9,0.0
-34.4,0.0
-34.4,0.0
-34.4,0.0
-34.4,0.0
-34.4,0.0
-33.9,0.0
-32.8,0.0
-32.2,0.0
-31.1,-0.1
-31.1,-0.1
-29.4,0.0
-30.0,0.0
-30.6,0.0
-30.0,0.0
-28.9,0.0
-26.7,-0.1
-25.6,-0.1
-25.6,-0.1
-25.6,-0.1
-24.4,-0.1
-24.4,0.5
-23.9,-0.1
-23.9,-0.1
-23.3,-0.1
-23.3,-0.1
-22.8,-0.1
-22.8,-0.1
-22.2,-0.1
-21.7,-0.1
-21.1,0.0
-20.0,0.0
-18.9,-0.1
-17.2,-0.1
-16.1,-0.1
-15.0,-0.1
-14.4,0.0
-15.0,0.0
-14.4,0.0
-14.4,0.0
-15.0,0.0
-15.0,0.0
-15.0,0.0
-14.4,0.0
-14.4,0.0
-14.4,0.0
-14.4,0.0
-13.3,0.0
-13.3,0.0
-12.2,0.0
-12.2,0.0
-8.9,0.0
-7.2,0.0
-3.9,0.0
-2.2,0.0
-1.7,0.0
-1.1,0.0
0.0,0.0
0.0,0.0
0.6,0.0
1.1,0.0
2.2,0.0
1.7,0.0
1.1,0.0
1.7,0.0
1.1,0.0
1.1,0.0
2.2,0.0
2.8,-0.1
3.3,0.3
,0.2
,0.0
,0.0
,0.0
,0.0
,0.0
4.4,-0.1
4.4,-0.1
4.4,-0.1
4.4,-0.1
4.4,-0.1
5.0,-0.1
5.0,-0.1
5.0,-0.1
5.0,-0.1
3.3,0.0
4.4,0.0
3.9,0.0
3.3,-0.1
3.3,0.0
3.3,0.0
3.9,0.0
4.4,0.0
3.9,0.0
2.8,0.0
2.8,0.0
4.4,0.0
5.0,0.0
5.6,0.0
4.4,0.0
5.6,0.3
5.6,-0.1
6.1,6.1
6.1,0.5
6.1,0.0
6.1,0.0
6.1,0.0
3.9,0.0
2.2,0.0
0.6,0.0
-0.6,0.0
-1.7,0.0
-3.3,0.0
-5.0,0.0
-5.6,0.0
-7.2,0.0
-7.8,0.0
-8.9,0.0
-10.0,0.0
-10.0,0.0
-10.6,0.0
-10.6,0.0
-11.1,0.0
-11.1,0.0
-11.1,0.0
-11.1,0.0
-10.6,0.0
-10.6,0.0
-10.0,0.0
-10.0,0.0
-9.4,0.0
-8.3,0.0
-8.3,0.0
-7.8,0.0
-8.3,0.0
-7.8,-0.1
-7.8,1.5
-6.7,-0.1
-6.1,-0.1
-6.1,-0.1
-6.1,-0.1
-6.1,-0.1
-6.7,-0.1
-6.1,0.0
-6.1,0.0
-6.7,0.0
-6.7,0.0
-6.1,0.0
-6.7,0.0
-6.7,0.0
-6.7,0.0
-6.1,-0.1
-6.1,-0.1
-5.6,-0.1
-5.0,0.0
-4.4,0.0
-3.9,0.0
-3.9,0.0
-3.3,0.0
-3.3,0.0
-3.9,-0.1
-3.9,0.3
-4.4,0.8
-3.9,0.3
-3.9,0.0
-3.9,-0.1
-3.9,-0.1
-4.4,0.0
-4.4,-0.1
-5.0,-0.1
-5.6,0.0
-5.6,0.0
-5.6,-0.1
-5.0,-0.1
-5.0,0.0
-3.9,0.5
-3.3,1.3
-2.2,-0.1
-1.7,2.3
-1.7,1.3
-2.8,1.3
-3.3,-0.1
-4.4,0.3
-4.4,-0.1
-8.9,-0.1
-13.3,-0.1
-15.6,-0.1
-16.7,-0.1
-17.8,-0.1
-17.8,-0.1
-17.8,-0.1
-17.8,0.0
-18.3,0.0
-18.9,0.0
-18.9,0.0
-20.6,-0.1
-22.2,0.0
-22.8,0.0
-22.8,0.0
-22.2,0.0
-21.7,0.0
-21.1,0.0
-20.0,0.0
-18.9,0.0
-19.4,0.0
-18.3,0.0
-18.3,0.0
-18.9,0.0
-18.9,0.0
-19.4,0.0
-20.0,0.0
-20.6,0.0
-20.6,0.0
-21.1,0.0
-21.7,0.0
-21.7,0.0
-21.7,0.0
-22.2,0.0
-21.7,0.0
-22.2,0.0
-22.2,0.0
-22.2,0.0
-22.2,0.0
-21.7,0.0
-20.0,0.0
-18.3,0.0
-17.8,0.0
-16.7,0.0
-16.1,0.0
-16.1,0.0
-15.0,0.0
-14.4,0.0
-13.9,0.0
-12.8,0.0
-12.8,0.0
-12.8,0.0
-12.2,0.0
-12.2,0.0
-11.1,0.0
-10.0,0.0
-10.0,0.0
-10.0,0.0
-9.4,0.0
-8.9,0.0
-8.9,0.0
-8.9,0.0
-8.9,0.0
-8.3,0.0
-8.3,0.0
-8.3,0.0
-7.8,-0.1
-6.1,-0.1
-5.6,0.5
-6.1,0.3
-5.6,0.3
-5.6,-0.1
-5.0,0.3
-5.0,0.3
-5.0,-0.1
-5.0,-0.1
-5.0,-0.1
-5.0,0.0
-5.0,0.0
-5.0,0.0
-5.6,0.0
-6.1,0.0
-5.6,0.0
-6.1,0.0
-6.1,0.0
-7.2,0.0
-7.2,0.0
-6.7,0.0
-6.7,0.0
-6.1,0.0
-6.1,0.0
-6.1,-0.1
-6.1,0.0
-5.6,0.0
-4.4,0.0
-4.4,0.0
-5.0,0.0
-4.4,0.0
-4.4,-0.1
-3.3,0.5
-3.3,0.8
-3.9,0.8
-3.3,0.8
-3.3,1.0
-3.9,1.0
-3.9,1.0
-3.9,1.3
-3.9,1.8
-3.9,0.2
-4.4,0.8
-3.9,0.3
-3.9,0.2
-3.9,0.8
-3.9,0.3
-3.9,-0.1
-4.4,-0.1
-5.0,-0.1
-5.6,-0.1
-5.0,1.0
-6.1,0.3
-7.2,-0.1
-7.2,-0.1
-7.8,0.3
-7.8,0.3
-7.8,-0.1
-7.2,0.5
-8.3,-0.1
-9.4,-0.1
-9.4,-0.1
-10.0,-0.1
-11.7,-0.1
-12.2,-0.1
-12.8,-0.1
-12.8,-0.1
-12.8,-0.1
-12.8,-0.1
-12.2,-0.1
-12.8,0.0
-12.2,0.0
-11.7,0.0
-11.1,0.0
-10.6,0.0
-10.6,0.0
-11.1,0.0
-11.1,0.0
-11.7,0.0
-12.2,0.0
-11.1,0.0
-11.1,-0.1
-10.0,-0.1
-8.9,-0.1
-8.9,0.0
-8.3,0.0
-8.3,0.0
-7.8,0.0
-7.2,0.0
-6.7,0.0
-5.0,0.0
-5.0,0.0
-4.4,0.0
-2.8,0.0
-1.7,0.0
-0.6,0.0
-1.1,0.0
-1.1,0.0
-1.1,0.0
-0.6,0.0
-0.6,0.0
-2.2,0.0
-3.3,0.0
-4.4,0.0
-5.0,0.3
-7.8,-0.1
-8.3,0.0
-10.6,-0.1
-13.3,-0.1
-15.6,0.0
-17.2,0.0
-17.8,0.0
-19.4,0.0
-20.0,0.0
-20.6,0.0
-20.6,0.0
-20.6,0.0
-20.0,0.0
-19.4,0.0
-18.3,0.0
-18.3,0.0
-17.8,0.0
-16.7,0.0
-16.7,0.0
-16.7,0.0
-16.7,-0.1
-16.7,0.0
-17.2,0.0
-17.2,0.0
-17.2,0.0
-17.8,0.0
-18.3,0.0
-17.8,0.0
-19.4,0.0
-18.9,0.0
-20.0,0.0
-20.0,0.0
-20.6,0.0
-20.6,0.0
-17.8,0.0
-16.1,0.0
-14.4,0.0
-13.3,0.0
-12.2,0.0
-11.1,0.0
-9.4,0.0
-9.4,0.0
-9.4,0.0
-10.0,0.0
-10.0,0.0
-10.6,0.0
-10.6,-0.1
-10.0,0.0
-8.9,0.0
-9.4,0.0
-8.9,-0.1
-8.9,0.0
-8.9,0.0
-9.4,0.0
-8.9,-0.1
-8.3,-0.1
-6.7,1.0
-6.7,0.5
-6.7,0.5
-6.7,-0.1
-6.7,-0.1
-6.7,0.3
-6.7,-0.1
-6.7,-0.1
-6.7,0.5
-7.2,0.3
-7.8,-0.1
-7.8,-0.1
-7.8,0.2
-8.9,0.3
-9.4,0.3
-9.4,0.3
-10.0,0.3
-9.4,-0.1
-9.4,-0.1
-10.0,-0.1
-10.0,-0.1
-9.4,0.3
-10.0,0.3
-11.1,-0.1
-11.7,-0.1
-11.7,-0.1
-11.7,0.0
-12.8,0.0
-12.8,0.0
-12.2,0.0
-11.7,0.0
-11.7,0.0
-12.2,0.0
-12.2,0.0
-12.2,0.0
-12.8,0.0
-13.3,0.0
-13.9,0.0
-12.8,0.0
-13.9,0.0
-15.0,-0.1
-16.7,-0.1
-18.3,-0.1
-19.4,0.0
-20.0,0.0
-20.6,0.0
-21.1,0.0
-22.2,0.0
-21.7,0.0
-22.2,0.0
-20.0,0.0
-16.1,0.0
-13.3,0.0
-11.1,0.0
-10.6,0.0
-11.1,0.0
-10.6,0.0
-11.1,0.0
-11.1,0.0
-11.1,0.0
-10.6,0.0
-10.6,0.0
-10.6,0.0
-10.6,0.0
-10.6,0.0
-10.6,0.0
-9.4,0.0
-8.3,0.0
-7.8,0.0
-7.2,-0.1
-5.6,0.3
-5.0,1.3
-5.0,1.3
-4.4,0.3
-4.4,0.3
-3.9,-0.1
-3.3,0.8
-3.3,0.8
-2.2,0.5
-1.7,0.5
-1.1,0.5
-0.6,0.3
-0.6,0.3
-1.1,-0.1
-2.2,0.0
-2.8,0.0
-3.9,0.0
-6.7,0.0
-5.6,0.0
-7.2,0.0
-7.8,0.0
-8.3,0.0
-10.0,0.0
-10.6,0.0
-10.6,0.0
-11.1,0.0
-12.2,0.0
-12.8,0.0
-12.2,0.0
-12.2,0.0
-12.2,0.0
-11.7,0.0
-11.1,0.0
-11.1,0.0
-10.6,0.0
-10.6,0.0
-11.1,0.0
-11.1,0.0
-11.1,0.0
-11.7,0.0
-12.2,0.0
-13.3,0.0
-13.3,0.0
-14.4,0.0
-15.6,0.0
-16.1,0.0
-15.0,0.0
-15.0,0.0
-14.4,0.0
-13.9,0.0
-15.0,0.0
-14.4,0.0
-12.2,0.0
-11.7,0.0
-10.0,0.0
-9.4,0.0
-9.4,0.0
-9.4,0.0
-8.9,0.0
-8.9,0.0
-7.8,0.0
-7.8,0.0
-6.7,0.0
-7.8,0.0
-6.7,0.0
-6.7,0.0
-5.6,0.0
-5.0,0.0
-5.0,0.0
-4.4,0.0
-4.4,0.0
-3.9,0.0
-3.3,-0.1
-3.3,-0.1
-2.2,0.5
-1.7,1.5
-1.7,2.5
-1.7,3.8
-1.7,1.8
-1.1,0.3
-1.1,0.0
-1.1,0.0
-1.1,0.0
-0.6,-0.1
-0.6,-0.1
-0.6,-0.1
-0.6,0.2
-0.6,0.3
0.0,0.5
0.0,0.2
0.0,2.3
0.0,1.0
0.6,1.3
0.6,0.3
1.1,-0.1
1.7,1.0
-0.6,0.5
-1.7,-0.1
-2.8,-0.1
-3.3,-0.1
-3.3,-0.1
-4.4,-0.1
-6.7,-0.1
-8.3,0.0
-8.9,-0.1
-9.4,-0.1
-10.0,-0.1
-10.6,-0.1
-11.1,0.0
-12.2,0.0
-13.9,0.0
-15.0,0.0
-15.6,0.0
-17.2,0.0
-18.3,0.0
-19.4,0.0
-20.6,0.0
-21.1,0.0
-21.7,0.0
-22.2,0.0
-22.2,0.0
-22.8,0.0
-22.8,0.0
-22.8,0.0
-22.8,0.0
-22.2,0.0
-21.7,0.0
-21.1,0.0
-20.6,0.0
-20.0,0.0
-20.0,0.0
-18.9,0.0
-19.4,0.0
-18.9,-0.1
-18.9,-0.1
-18.3,0.0
-17.8,0.0
-18.3,0.0
-17.8,0.0
-17.8,-0.1
-17.2,-0.1
-17.2,0.0
-18.3,0.0
-18.3,0.0
-19.4,0.0
-20.0,0.0
-20.0,0.0
-20.0,0.0
-20.0,0.0
-20.0,0.0
-19.4,0.0
-18.3,0.0
-18.3,0.0
-17.8,-0.1
-17.8,-0.1
-16.1,-0.1
-15.6,0.3
-15.0,0.2
-15.0,-0.1
-14.4,-0.1
-14.4,-0.1
-13.9,-0.1
-13.3,-0.1
-13.3,0.3
-13.3,0.5
-12.8,0.3
-12.8,0.0
-12.2,0.0
-12.2,0.0
-11.7,0.0
-12.2,-0.1
-12.8,-0.1
-12.8,-0.1
-12.8,-0.1
-13.3,-0.1
-12.2,0.3
-12.2,-0.1
-12.8,-0.1
-13.3,0.0
-13.3,-0.1
-14.4,-0.1
-15.0,0.0
-15.6,0.0
-16.1,0.0
-16.7,0.0
-16.7,0.0
-17.2,0.0
-17.2,0.0
-17.8,0.0
-18.3,0.0
-18.3,0.0
-19.4,0.0
-19.4,0.0
-18.9,0.0
-18.3,0.0
-18.3,0.0
-17.8,0.0
-17.2,0.0
-17.8,0.0
-17.2,0.0
-17.2,0.0
-16.7,0.0
-17.2,0.0
-16.7,0.0
-16.1,0.0
-16.1,0.0
-15.6,0.0
-15.0,0.0
-14.4,0.0
-15.0,0.0
-14.4,0.0
-14.4,0.0
-13.9,0.0
-13.9,0.0
-14.4,0.0
-13.9,0.0
-13.9,0.0
-13.3,0.0
-13.3,0.0
-12.8,0.0
-12.8,0.0
-13.3,0.0
-12.8,0.0
-13.3,0.0
-13.3,0.0
-12.8,0.0
-12.8,0.0
-12.8,0.0
-13.3,0.0
-12.2,0.0
-10.0,0.0
-10.0,0.0
-10.0,-0.1
-8.3,-0.1
-7.2,0.3
-6.7,0.5
-6.1,-0.1
-6.1,0.3
-6.1,0.3
-6.1,0.3
-7.2,-0.1
-7.8,0.0
-8.3,0.0
-8.9,0.0
-8.9,-0.1
-8.9,-0.1
-9.4,-0.1
-9.4,-0.1
-9.4,-0.1
-9.4,0.0
-10.0,0.0
-10.0,0.0
-9.4,0.0
-9.4,0.0
-9.4,0.0
-9.4,0.0
-9.4,0.0
-10.0,0.0
-10.6,0.0
-12.8,0.0
-15.0,-0.1
-15.6,-0.1
-15.6,-0.1
-16.7,-0.1
-17.8,-0.1
-18.9,0.0
-19.4,0.0
-20.0,0.0
-20.6,0.0
-20.6,0.0
-20.6,0.0
-20.0,0.0
-20.6,0.0
-22.2,0.0
-21.7,0.0
-21.7,0.0
-23.3,0.0
-23.9,0.0
-23.9,0.0
-23.9,0.0
-23.9,0.0
-23.9,0.0
-25.0,0.0
-25.0,0.0
-25.6,0.0
-26.1,0.0
-26.1,0.0
-26.7,0.0
-26.7,0.0
-26.7,0.0
-26.7,0.0
-26.1,0.0
-26.1,0.0
-25.0,0.0
-24.4,0.0
-23.3,0.0
-22.8,0.0
-21.7,0.0
-21.1,0.0
-20.6,0.0
-20.0,0.0
-20.6,0.0
-20.6,0.0
-20.6,0.0
-20.0,0.0
-20.6,0.0
-20.0,0.0
-19.4,-0.1
-19.4,0.0
-18.9,-0.1
-18.9,-0.1
-18.9,0.0
-18.9,0.0
-19.4,0.0
-19.4,0.0
-19.4,0.0
-18.9,0.0
-18.3,0.0
-17.8,-0.1
-17.2,0.0
-17.8,0.0
-18.3,0.0
-18.3,0.0
-17.2,0.0
-17.8,0.0
-18.9,0.0
-18.3,0.0
-18.9,0.0
-19.4,0.0
-19.4,0.0
-18.9,0.0
-18.3,0.0
-18.3,0.0
-18.3,0.0
-18.3,0.0
-18.9,0.0
-18.9,0.0
-18.9,0.0
-19.4,0.0
-18.3,0.0
-17.8,0.0
-16.7,0.0
-15.6,0.0
-15.0,0.0
-14.4,0.0
-13.9,0.0
-13.3,0.0
-12.8,0.0
-12.8,0.0
-12.8,0.0
-12.2,0.0
-13.3,0.0
-13.3,0.0
-13.9,-0.1
-13.9,0.0
-13.9,-0.1
-14.4,-0.1
-14.4,0.0
-15.0,0.0
-15.6,0.0
-15.0,0.0
-15.6,0.0
-17.2,0.0
-17.8,0.0
-15.6,0.0
-15.6,0.0
-15.6,0.0
-15.0,0.0
-15.6,0.0
-15.0,0.0
-14.4,0.0
-13.9,0.0
-14.4,0.0
-15.0,0.0
-15.0,0.0
-15.0,0.0
-15.6,0.0
-15.6,0.0
-15.6,0.0
-15.0,
-15.0,0.0
-14.4,0.0
-14.4,0.0
-13.9,0.0
-13.3,0.0
-12.8,
-12.2,0.0
-10.6,-0.1
-10.0,-0.1
-8.3,-0.1
-7.2,0.0
-5.6,0.0
-5.6,-0.1
-3.9,0.0
-4.4,0.0
-4.4,0.0
-3.9,0.0
-3.9,0.0
-3.3,0.0
-4.4,0.0
-5.0,0.0
-5.0,0.0
-5.6,0.0
-5.0,0.0
-5.0,0.0
-5.6,0.0
-5.6,0.0
-5.6,0.0
-5.6,0.0
-5.0,0.0
-5.6,0.0
-5.0,0.0
-3.9,0.0
-3.9,0.0
-3.3,0.0
-2.8,0.0
-3.3,0.0
-3.3,0.0
-3.3,0.0
-3.3,-0.1
-2.2,3.6
-2.2,2.3
-1.7,3.3
-1.1,1.0
-1.1,0.3
-1.1,-0.1
-0.6,0.3
-0.6,0.3
-0.6,0.3
-1.1,-0.1
-1.1,0.0
-1.7,0.0
-1.7,0.0
-2.2,-0.1
-2.2,-0.1
-2.2,0.0
-1.7,0.0
-2.8,0.0
-2.8,0.0
-2.8,0.0
-2.8,0.0
-2.8,0.0
-2.8,0.0
-2.8,0.0
-3.3,0.0
-4.4,0.0
-6.1,0.0
-6.7,0.0
-7.8,0.0
-8.9,0.0
-9.4,0.0
-9.4,0.0
-9.4,0.0
-10.0,0.0
-10.0,0.0
-10.0,0.0
-10.6,0.0
-10.6,0.0
-10.6,0.0
-10.6,0.0
-11.1,0.0
-11.1,0.0
-11.1,0.0
-11.1,0.0
-10.6,0.0
-10.6,0.0
-10.0,0.0
-10.0,0.0
-10.0,0.0
-10.6,0.0
-9.4,0.0
-8.3,0.0
-7.8,0.0
-7.8,0.0
-8.9,0.0
-9.4,0.0
-8.9,0.0
-9.4,0.0
-9.4,0.0
-10.6,0.0
-11.1,0.0
-11.1,0.0
-9.4,0.0
-9.4,0.0
-7.8,0.0
-6.7,0.0
-4.4,0.0
-3.9,0.0
-2.8,0.0
-2.8,0.0
-2.2,0.0
-1.7,0.0
-1.1,0.0
-1.7,-0.1
-0.6,0.3
-0.6,-0.1
-0.6,0.0
0.0,-0.1
0.0,-0.1
0.0,0.3
0.6,-0.1
1.7,0.5
1.7,0.8
2.2,2.3
2.8,0.8
2.8,-0.1
2.8,0.0
2.8,-0.1
2.2,0.3
2.8,-0.1
3.3,0.0
3.9,0.0
4.4,0.0
3.9,0.0
4.4,0.0
4.4,0.0
5.0,0.0
5.6,-0.1
5.6,-0.1
6.1,-0.1
7.2,1.3
8.3,1.0
8.3,0.3
7.8,0.3
7.8,0.0
7.2,0.0
7.8,0.0
7.8,0.0
8.3,0.0
8.3,0.0
8.9,0.0
8.9,0.0
9.4,0.0
8.9,0.0
9.4,0.0
9.4,0.0
9.4,0.0
7.8,-0.1
3.9,1.8
2.8,0.0
1.7,-0.1
1.7,-0.1
1.1,-0.1
1.1,-0.1
1.1,0.0
1.1,0.0
1.1,0.0
1.1,0.0
1.7,0.0
1.7,0.0
1.7,0.0
0.6,0.0
0.6,-0.1
-0.6,-0.1
-1.7,0.0
-1.1,-0.1
-2.8,-0.1
-3.3,-0.1
-3.3,-0.1
-4.4,0.0
-3.9,0.0
-3.3,0.0
-3.9,0.0
-5.0,0.0
-7.2,0.0
-6.7,0.0
-6.7,-0.1
-5.6,-0.1
-6.1,-0.1
-5.0,-0.1
-5.6,-0.1
-6.1,0.0
-6.7,0.0
-6.7,0.0
-6.7,0.0
-6.7,0.0
-6.7,0.0
-7.2,0.0
-7.2,0.0
-7.2,0.0
-6.7,0.0
-7.2,0.0
-7.2,0.0
-7.2,0.0
-6.7,0.0
-7.2,0.0
-7.8,0.0
-7.2,0.0
-8.3,0.0
-8.9,0.0
-10.0,0.0
-6.1,0.0
-6.1,0.0
-6.7,0.0
-6.7,0.0
-6.7,0.0
-6.7,0.0
-5.6,0.0
-5.6,0.0
-5.6,0.0
-6.7,0.0
-7.2,0.0
-7.2,0.0
-7.2,0.0
-6.7,0.0
-6.7,0.0
-7.2,0.0
-7.2,0.0
-7.2,0.0
-6.7,0.0
-6.1,0.0
-7.2,0.0
-6.7,0.0
-6.7,0.0
-6.7,0.0
-5.0,0.0
-4.4,0.0
-4.4,0.0
-5.0,0.0
-5.0,0.0
-4.4,0.0
-5.0,0.0
-5.0,0.0
-6.1,0.0
-6.7,0.0
-5.0,0.0
-5.0,0.0
-4.4,0.0
-2.8,0.0
-3.3,0.0
-5.0,0.0
-5.6,0.0
-4.4,0.0
-5.0,0.0
-5.6,0.0
-5.6,0.0
-6.1,0.0
-6.1,0.0
-6.1,0.0
-5.0,0.0
-3.9,0.0
-5.0,0.0
-5.0,0.0
-4.4,0.0
-6.1,0.0
-5.0,0.0
-5.0,0.0
-5.0,0.0
-6.1,0.0
-6.7,0.0
-5.0,0.0
-4.4,0.0
-2.8,0.0
-3.9,0.0
-3.9,0.0
-5.0,0.0
-4.4,0.0
-3.3,0.0
-4.4,0.0
-5.0,0.0
-4.4,0.0
-4.4,0.0
-4.4,0.0
-3.9,0.0
-3.9,0.0
-3.9,0.0
-3.3,0.0
-3.3,0.0
-3.3,0.0
-2.8,0.0
-2.8,0.0
-2.8,0.0
-3.3,0.0
-2.8,0.0
-2.2,0.0
-1.7,0.0
-0.6,0.0
0.6,0.0
1.1,0.0
1.1,0.0
1.1,0.0
1.7,0.0
1.7,0.0
1.7,0.0
0.6,0.0
0.0,-0.1
-0.6,-0.1
0.0,-0.1
-0.6,-0.1
-0.6,-0.1
-0.6,0.0
-0.6,0.0
-0.6,0.0
-0.6,0.0
0.0,0.0
-0.6,0.0
-0.6,0.0
-0.6,0.0
-0.6,0.0
-0.6,0.0
-0.6,0.0
-0.6,0.0
-1.1,0.0
-1.1,0.0
-1.7,0.0
-1.7,0.0
-1.7,0.0
-1.1,0.0
-1.7,0.0
-2.2,0.0
-2.2,0.0
-2.2,0.0
-2.2,0.0
-1.1,0.0
-0.6,0.0
-0.6,0.0
-0.6,0.0
-0.6,0.0
-0.6,0.0
-1.1,0.0
-1.7,0.0
-2.2,0.0
-2.8,0.0
-2.8,0.0
-2.2,0.0
-2.8,0.0
-4.4,0.0
-5.0,0.0
-5.0,0.0
-6.1,0.0
-5.0,0.0
-6.1,0.0
-5.6,0.0
-5.0,0.0
-4.4,0.0
-5.0,0.0
-3.9,0.0
-3.9,0.0
-3.9,0.0
-3.9,0.0
-4.4,0.0
-4.4,0.0
-4.4,0.0
-5.6,0.0
-5.6,0.0
-5.0,0.0
-5.6,0.0
-4.4,0.0
-3.3,0.0
-2.8,0.0
-2.2,0.0
-2.2,0.0
-2.2,0.0
-1.7,0.0
-2.2,0.0
-2.2,0.0
-2.2,0.0
-1.7,0.0
-1.7,0.0
-1.1,0.0
-1.1,0.0
-0.6,0.0
-1.1,0.0
-0.6,0.0
-0.6,0.0
-1.1,0.0
-1.1,0.0
-1.1,0.0
-1.1,0.0
-1.1,0.0
0.0,0.0
0.0,0.0
1.1,0.0
1.7,-0.1
2.8,-0.1
3.9,-0.1
1.7,0.0
1.7,0.0
1.1,0.0
5.0,-0.1
5.0,-0.1
2.8,0.0
1.7,0.0
-0.6,0.0
-0.6,0.0
-1.7,0.0
-3.3,0.0
-5.0,0.0
-6.7,0.0
-8.3,0.0
-7.2,0.0
-7.8,0.0
-8.9,0.0
-10.0,0.0
-10.0,0.0
-8.9,0.0
-7.2,0.0
-6.7,0.0
-7.2,0.0
-6.7,0.0
-5.6,0.0
-5.0,0.0
-5.6,0.0
-7.2,0.0
-6.7,0.0
-7.8,0.0
-8.3,0.0
-8.9,0.0
-8.9,0.0
-8.3,0.0
-7.8,0.0
-7.2,0.0
-8.9,0.0
-8.3,0.0
-8.9,0.0
-8.3,0.0
-8.9,0.0
-8.3,0.0
-7.8,0.0
-6.7,0.0
-6.7,0.0
-11.1,0.0
-11.1,0.0
-9.4,0.0
-10.6,0.0
-12.2,0.0
-10.6,0.0
-9.4,0.0
-12.2,0.0
-13.3,0.0
-11.7,0.0
-10.0,0.0
-9.4,0.0
-8.9,0.0
-8.9,0.0
-8.9,0.0
-8.9,0.0
-8.3,0.0
-8.3,0.0
-7.8,0.0
-7.2,0.0
-7.8,0.0
-6.7,0.0
-7.2,0.0
-7.2,0.0
-7.2,0.0
-6.1,0.0
-4.4,0.0
-2.8,0.0
-0.6,0.0
0.6,0.0
1.7,0.0
1.7,0.0
1.7,0.0
2.2,0.0
2.8,-0.1
5.0,0.8
4.4,0.0
3.9,0.0
4.4,0.0
4.4,0.0
4.4,0.0
3.9,0.0
3.9,0.0
3.9,0.0
1.7,0.0
2.8,0.0
2.8,0.0
3.9,0.0
3.9,0.0
3.9,0.0
3.3,0.0
2.2,0.0
0.6,0.0
0.6,0.0
-1.1,0.0
-1.7,0.0
-2.8,0.0
-2.2,0.0
-0.6,-0.1
-0.6,0.3
-1.1,0.0
-0.6,0.0
1.1,0.0
0.0,0.0
0.0,0.0
-0.6,0.0
-1.7,0.0
-2.8,0.0
-2.8,0.0
-2.8,0.0
-2.2,0.0
-0.6,0.0
0.0,0.0
0.0,0.0
0.0,0.0
-0.6,0.0
-2.8,0.0
-2.8,0.0
-2.8,0.0
-3.3,0.0
-2.8,0.0
-2.8,0.0
-2.2,0.0
-1.7,0.0
-0.6,0.0
0.6,0.0
0.0,0.0
0.6,0.0
0.6,0.0
-0.6,0.0
-5.0,0.0
-7.2,0.0
-7.2,0.0
-7.2,0.0
-6.7,0.0
-5.6,0.0
-3.9,0.0
-3.3,0.0
-3.9,0.0
-5.0,0.0
-6.7,0.0
-7.2,0.0
-8.9,0.0
-10.6,0.0
-11.1,0.0
-13.3,0.0
-13.9,0.0
-14.4,0.0
-14.4,0.0
-14.4,0.0
-15.0,0.0
-15.0,0.0
-14.4,0.0
-13.9,0.0
-13.9,0.0
-12.8,0.0
-13.3,0.0
-12.8,0.0
-12.2,0.0
-12.8,0.0
-11.7,0.0
-13.3,0.0
-13.3,0.0
-13.3,0.0
-13.9,0.0
-14.4,0.0
-13.3,0.0
-13.3,0.0
-12.8,0.0
-12.8,0.0
-8.3,0.0
-10.0,0.0
-8.3,0.0
-9.4,0.0
-9.4,0.0
-8.9,0.0
-7.8,0.0
-7.8,0.0
-7.2,0.0
-7.2,0.0
-7.8,0.0
-7.2,0.0
-7.2,0.0
-6.7,0.0
-6.1,0.0
-5.6,0.0
-5.0,0.0
-3.9,0.0
-3.3,0.0
-3.3,0.0
-2.8,0.0
-2.8,0.0
-2.2,0.0
-2.2,0.0
-1.7,0.0
-2.2,0.0
-1.7,0.0
-1.1,0.0
-1.1,0.0
-1.1,0.0
-0.6,0.0
-0.6,0.0
2.8,-0.1
2.2,-0.1
2.2,0.5
2.2,-0.1
2.8,0.0
2.2,0.0
1.7,-0.1
0.6,-0.1
1.1,-0.1
1.1,-0.1
1.1,0.0
0.6,0.0
0.0,0.0
-1.1,0.0
-2.2,0.0
-2.2,0.0
-1.7,0.0
-1.7,0.0
-1.1,0.0
-0.6,0.0
0.6,0.0
0.0,0.0
-3.9,0.0
-5.0,0.0
-4.4,0.0
-4.4,0.0
-4.4,0.0
-4.4,0.0
-4.4,0.0
-5.6,0.0
-7.2,0.0
-7.8,0.0
-7.8,0.0
-6.1,0.0
-6.1,0.0
-6.7,0.0
-7.2,0.0
-6.7,0.0
-6.7,0.0
-6.7,0.0
-6.1,0.0
-4.4,0.0
-1.7,0.0
-4.4,0.0
-4.4,0.0
-5.6,0.0
-5.6,0.0
-3.9,0.0
-3.9,0.0
-5.0,0.0
-4.4,0.0
-3.3,0.0
-3.9,0.0
-4.4,0.0
-4.4,0.0
-4.4,0.0
-5.6,0.0
-5.0,0.0
-5.0,0.0
-6.1,0.0
-4.4,0.0
-2.2,-0.1
-1.7,-0.1
-1.7,-0.1
-1.7,0.0
-1.7,0.0
-1.1,0.0
-0.6,0.0
0.0,0.0
0.0,0.0
0.6,0.0
0.6,0.0
1.7,0.0
1.7,0.0
1.7,0.0
1.7,0.0
1.7,0.0
2.2,0.0
2.8,0.0
3.3,0.0
4.4,0.0
5.6,0.0
5.6,0.0
5.6,0.0
5.0,0.0
5.6,0.0
5.6,0.0
5.6,0.0
6.1,0.0
6.1,0.0
7.2,0.0
6.7,0.0
6.7,0.0
6.1,0.0
5.6,0.0
5.6,0.0
6.1,0.0
6.1,0.0
6.1,0.0
6.1,0.0
6.1,0.0
6.1,0.0
6.1,0.0
6.7,0.0
7.2,0.0
6.7,0.0
7.2,0.0
7.2,0.0
7.8,0.0
7.8,0.0
7.8,0.0
7.8,0.0
8.3,0.0
8.9,0.0
8.3,0.0
8.3,0.0
7.8,0.0
7.8,0.0
7.8,0.0
7.8,0.0
7.8,0.0
7.8,0.0
7.8,0.0
6.7,0.0
8.3,0.0
8.3,0.0
8.3,0.0
9.4,-0.1
10.6,0.0
12.2,0.8
12.8,0.5
12.2,0.8
13.3,0.5
13.3,0.5
12.8,0.0
11.7,0.0
11.1,0.0
11.1,0.0
11.1,0.0
11.1,0.0
10.6,0.0
10.6,0.0
10.6,0.0
10.0,0.0
8.9,0.0
7.8,0.0
6.7,0.0
4.4,0.0
8.3,0.0
8.9,0.0
9.4,0.0
7.2,0.0
5.0,0.0
3.3,0.0
2.2,0.0
2.2,0.0
2.8,0.0
3.3,0.0
5.0,0.0
6.1,-0.1
6.7,-0.1
3.9,0.0
1.7,0.0
3.3,0.0
3.3,0.0
3.3,0.0
3.3,0.0
3.9,0.0
2.2,0.0
2.2,0.0
1.7,0.0
2.2,0.0
3.3,0.0
3.9,0.0
2.2,0.0
1.1,0.0
-0.6,0.0
-0.6,0.0
-1.7,0.0
-2.8,0.0
-2.8,0.0
-3.3,0.0
-3.9,0.0
-3.3,0.0
1.7,0.0
-0.6,0.0
-2.8,0.0
-3.3,0.0
-3.9,0.0
-5.0,0.0
-5.0,0.0
-4.4,0.0
-4.4,0.0
-3.9,0.0
-2.8,0.0
-2.8,0.0
-2.2,0.0
-2.8,0.0
-2.8,0.0
-2.8,0.0
-2.2,0.0
-1.7,0.0
-0.6,0.5
-0.6,1.5
-0.6,3.0
-0.6,1.5
-0.6,-0.1
-1.1,-0.1
-1.1,0.3
-0.6,0.3
-0.6,0.3
-0.6,-0.1
-0.6,0.3
-0.6,0.5
-0.6,0.0
-0.6,0.0
-1.1,0.0
-1.1,0.0
-1.1,0.0
-1.7,-0.1
-1.7,-0.1
-2.2,0.0
-1.7,1.5
-1.7,1.0
-1.7,-0.1
-1.1,0.0
-1.1,0.0
-0.6,0.0
0.0,-0.1
0.0,0.3
0.6,1.3
0.6,1.8
0.6,-0.1
1.7,-0.1
3.3,2.8
3.3,4.1
3.9,1.0
4.4,0.0
5.0,0.0
5.0,0.0
1.7,0.0
0.0,0.0
-1.1,0.0
-1.7,0.0
-1.7,0.0
-1.1,0.0
-4.4,0.0
-4.4,0.0
-4.4,0.0
-4.4,0.0
-3.9,0.0
-3.3,0.0
-3.9,0.0
-4.4,0.0
-4.4,0.0
-3.9,0.0
-3.9,0.0
-4.4,0.0
-5.0,0.0
-4.4,-0.1
-5.0,-0.1
-4.4,0.0
-4.4,0.0
-5.0,0.0
-4.4,0.0
-3.9,0.0
-3.9,0.0
-3.3,0.0
-3.3,0.0
-3.3,0.0
-2.8,0.0
-3.3,0.0
-3.9,0.0
-3.9,0.0
-3.9,0.0
-2.8,0.0
-2.8,0.0
-3.9,0.0
-4.4,0.0
-4.4,0.0
-4.4,0.0
-5.0,0.0
-5.0,0.0
-4.4,0.0
-3.9,0.0
-4.4,0.0
-5.0,0.0
-5.0,0.0
-4.4,0.0
-4.4,0.0
-3.9,0.0
-3.9,0.0
-2.8,0.0
-2.8,0.0
-3.3,0.0
-2.8,0.0
-3.3,0.0
-3.3,0.0
-3.9,0.0
-3.3,0.0
-3.3,0.0
-3.3,0.0
-4.4,0.0
-4.4,0.0
-5.0,0.0
-5.6,0.0
-5.0,0.0
-6.1,0.0
-5.0,0.0
-5.6,0.0
-6.1,0.0
-6.1,0.0
-6.1,0.0
-6.7,0.0
-6.7,0.0
-5.6,0.0
-3.3,0.0
-2.8,0.0
-5.6,0.0
-5.0,0.0
-7.8,0.0
-6.1,0.0
-6.1,0.0
-6.1,0.0
-4.4,0.0
-2.2,0.0
0.6,0.0
-2.2,0.0
-3.9,0.0
-1.1,0.0
0.6,0.0
1.1,0.0
1.1,0.0
1.7,0.0
2.8,0.0
3.3,0.0
5.0,-0.1
6.1,1.5
6.7,1.0
6.7,0.3
7.2,0.0
7.2,0.0
7.8,0.0
7.8,0.0
8.9,0.0
8.9,0.0
8.9,0.0
10.0,0.0
8.9,0.0
8.3,0.0
7.8,0.0
7.8,0.0
7.8,0.0
6.7,0.0
6.1,0.0
7.2,0.0
6.1,0.0
5.6,0.0
5.0,0.0
5.0,0.0
5.6,0.0
6.1,0.0
6.1,0.0
6.1,0.0
6.1,0.0
6.1,0.0
6.7,-0.1
7.2,1.3
7.8,-0.1
8.3,0.0
8.3,0.0
8.3,0.0
8.9,0.0
9.4,0.0
10.0,0.0
10.6,0.0
11.7,0.5
12.8,-0.1
13.3,2.0
13.3,0.0
13.3,0.0
11.7,0.0
10.6,0.0
8.9,0.0
8.3,0.0
8.3,-0.1
8.3,0.3
6.7,-0.1
5.6,0.0
4.4,0.0
3.9,0.0
3.3,0.0
3.3,0.0
3.3,0.0
2.8,0.0
2.2,0.0
2.2,0.0
2.2,-0.1
2.2,0.0
2.2,-0.1
2.2,-0.1
2.2,0.0
2.2,0.0
1.7,0.0
1.7,0.0
1.7,0.0
1.7,0.0
1.7,0.0
1.1,0.0
1.1,0.0
0.6,0.0
0.0,0.0
0.6,0.0
0.6,0.0
0.0,0.0
-0.6,0.0
-1.7,0.0
-2.8,0.0
-3.9,0.0
-4.4,0.0
-6.1,0.0
-6.7,0.0
-6.1,0.0
-4.4,0.0
-3.9,0.0
-2.8,0.0
-2.8,0.0
-2.2,0.0
-2.2,0.0
-2.2,0.0
-3.3,0.0
-3.9,0.0
-3.9,0.0
-4.4,0.0
-3.9,0.0
-3.9,0.0
-1.7,0.0
-3.9,0.0
-3.9,0.0
-5.0,0.0
-5.0,0.0
-5.6,0.0
-5.6,0.0
-5.6,0.0
-6.7,0.0
-7.2,0.0
-7.2,0.0
-6.1,0.0
-3.3,0.0
-2.2,0.0
-1.7,0.0
-1.7,0.0
-3.9,0.0
-3.3,0.0
-1.7,0.0
-1.7,0.0
-2.2,0.0
-2.2,0.0
-1.1,0.0
-1.1,0.0
-1.1,0.0
0.6,0.0
2.8,0.0
3.9,0.0
5.0,0.0
4.4,0.0
4.4,0.0
3.9,0.0
5.0,0.0
4.4,0.0
5.0,0.0
5.0,0.0
5.6,0.0
5.6,0.0
5.6,0.0
5.6,0.0
5.6,0.0
5.6,0.0
5.6,0.0
5.6,0.0
5.6,0.0
5.0,0.0
5.6,0.0
5.6,0.0
6.1,0.0
7.2,0.0
7.8,0.0
8.9,0.0
9.4,0.0
10.6,0.0
10.6,0.0
11.7,0.0
11.7,0.0
11.1,0.0
11.1,0.0
11.1,-0.1
15.0,13.2
13.9,0.5
11.7,0.3
10.0,0.0
8.3,0.0
7.8,2.0
6.7,3.6
6.1,0.5
6.1,-0.1
5.6,0.0
5.0,0.0
5.0,0.0
4.4,0.0
3.9,0.0
5.0,0.0
5.6,0.0
5.6,0.0
4.4,0.0
3.9,0.0
2.8,0.0
2.2,0.0
2.8,0.0
1.1,0.0
0.0,0.0
0.6,0.0
2.2,0.0
2.8,0.0
3.3,0.0
3.3,0.0
3.3,0.0
5.0,0.0
3.9,0.0
3.3,0.0
3.3,0.0
2.2,0.0
4.4,0.0
6.1,0.0
6.7,0.0
7.8,0.0
7.2,0.0
6.7,0.0
3.9,0.0
3.3,0.0
3.3,0.0
2.8,0.0
2.8,0.0
3.3,0.0
1.7,0.0
2.8,0.0
2.8,0.0
3.3,0.0
3.9,0.0
3.3,0.0
2.8,0.0
3.3,0.0
3.3,0.0
3.3,0.0
3.3,0.0
3.3,0.0
3.9,0.0
5.0,0.0
6.1,0.0
8.3,0.0
9.4,0.0
10.6,0.0
10.0,0.0
10.6,0.0
9.4,-0.1
8.9,-0.1
9.4,1.0
7.8,-0.1
8.3,0.3
8.9,0.8
8.3,-0.1
8.3,0.0
8.9,0.0
8.3,0.0
8.3,0.0
7.8,0.0
7.2,0.0
3.9,0.0
0.0,0.0
-1.7,0.0
-2.2,0.0
-2.2,0.0
-1.7,0.0
-1.1,0.0
-1.1,0.0
-1.1,0.0
-1.1,0.0
-1.1,0.0
-2.2,0.0
-3.3,0.0
-4.4,0.0
-5.6,0.0
-6.1,0.0
-5.6,0.0
-4.4,0.0
-3.3,0.0
-2.2,0.0
-2.8,0.0
-2.8,0.0
-2.8,0.0
-2.8,0.0
-3.9,0.0
-3.9,0.0
-3.9,0.0
-4.4,0.0
-4.4,0.0
-4.4,0.0
-6.7,0.0
-5.6,0.0
-3.9,-0.1
-2.2,-0.1
-2.8,-0.1
0.0,0.5
-0.6,0.8
-0.6,2.0
-0.6,1.3
0.0,0.8
0.0,0.3
-0.6,-0.1
-0.6,0.0
-0.6,0.0
-1.1,0.0
-1.7,0.0
-1.7,0.0
-2.2,0.0
-2.8,0.0
-3.3,0.0
-3.9,0.0
-2.8,0.0
-1.1,0.0
0.6,0.0
1.7,0.0
-3.9,0.0
-3.9,0.0
-2.2,0.0
-3.3,0.0
-3.3,0.0
-3.3,0.0
-3.3,0.0
-2.8,0.0
-4.4,0.0
-5.6,0.0
-5.0,0.0
-4.4,0.0
-5.0,0.0
-5.0,0.0
-5.0,0.0
-4.4,-0.1
-0.6,0.5
0.6,0.0
2.2,-0.1
3.9,1.5
4.4,3.6
4.4,1.5
3.9,0.8
4.4,0.3
4.4,-0.1
5.0,-0.1
5.6,-0.1
6.1,-0.1
6.1,0.0
6.7,0.0
6.7,0.0
7.2,0.0
6.7,0.0
6.7,0.0
6.1,0.0
6.1,0.0
6.1,0.0
6.1,0.0
6.1,0.0
6.1,0.0
6.1,0.0
5.6,-0.1
4.4,-0.1
4.4,0.0
3.9,0.0
3.9,0.0
3.3,0.0
2.8,0.0
3.3,-0.1
3.3,-0.1
3.9,0.0
4.4,-0.1
5.0,0.5
5.0,0.5
4.4,-0.1
4.4,-0.1
4.4,0.3
4.4,0.3
3.9,-0.1
3.9,-0.1
3.9,-0.1
4.4,0.8
4.4,0.3
4.4,-0.1
4.4,0.5
5.0,0.2
5.0,1.5
5.0,1.5
5.0,1.3
5.0,0.8
5.0,-0.1
5.6,0.0
5.6,0.0
5.6,0.0
5.6,0.0
5.6,0.0
6.1,0.0
6.1,0.0
5.6,0.0
6.1,0.0
6.1,0.0
6.1,0.0
5.6,0.0
5.6,-0.1
5.6,-0.1
5.0,-0.1
5.0,0.0
5.0,0.0
4.4,0.0
5.0,0.0
5.0,0.0
5.0,0.0
5.0,0.0
5.0,-0.1
5.0,0.3
5.0,0.3
5.6,-0.1
6.1,0.3
6.1,-0.1
6.7,-0.1
6.7,0.0
6.7,0.0
7.2,0.0
5.6,0.0
5.6,0.0
7.2,0.0
7.2,0.0
7.2,0.0
7.2,0.0
6.1,0.0
6.1,0.0
6.1,0.0
6.1,0.0
4.4,0.0
2.8,0.0
1.1,0.0
2.8,0.0
6.1,0.0
5.0,0.0
2.2,0.0
3.3,0.0
2.8,0.0
3.3,0.0
2.8,0.0
2.8,0.0
2.2,0.0
3.3,0.0
2.2,0.0
3.9,0.0
3.3,0.0
3.3,0.0
2.8,0.0
2.8,0.0
2.8,0.0
2.2,0.0
2.2,0.0
2.2,0.0
1.7,0.0
1.1,0.0
1.7,0.0
2.8,0.0
3.9,0.0
5.6,0.0
5.6,0.0
6.1,0.0
6.7,0.0
6.1,0.0
6.1,0.0
5.6,0.0
6.1,0.0
6.7,0.0
6.1,0.0
6.1,0.0
6.1,0.0
7.2,0.0
7.2,0.0
7.2,0.0
6.7,0.0
6.7,0.0
6.7,0.0
5.6,0.0
6.1,0.0
5.6,0.0
5.0,0.0
6.7,0.0
6.7,0.0
6.7,0.0
7.2,-0.1
6.7,-0.1
8.3,0.0
8.9,0.0
8.9,0.0
8.9,0.0
8.3,0.0
9.4,-0.1
8.9,0.0
10.6,5.8
11.7,5.1
11.7,0.3
11.7,-0.1
12.2,0.0
11.7,-0.1
11.7,-0.1
12.2,0.0
11.7,0.0
10.6,0.0
10.6,0.0
10.6,-0.1
11.1,0.8
10.6,4.3
7.2,-0.1
5.0,0.0
4.4,0.0
5.6,0.0
6.1,0.0
6.1,0.0
5.6,0.0
6.1,0.0
6.1,0.0
6.1,0.0
6.7,0.0
7.2,0.0
7.2,0.0
6.7,0.0
6.1,0.0
6.1,0.0
5.6,0.0
5.6,0.0
5.6,0.0
3.9,0.0
2.8,0.0
-0.6,0.0
-1.1,0.0
-1.1,0.0
-1.1,0.0
-0.6,0.0
0.0,0.0
1.1,0.0
2.2,0.0
2.2,0.0
2.2,0.0
2.2,0.0
2.8,0.0
2.2,0.0
1.7,0.0
1.7,0.0
1.1,0.0
-1.7,0.0
-2.2,0.0
-2.2,0.0
-2.8,0.0
-2.2,0.0
-2.2,0.0
-2.2,0.0
-1.7,0.0
-0.6,0.0
0.6,-0.1
2.8,0.8
2.2,0.3
2.2,0.8
3.3,1.3
3.9,-0.1
4.4,3.0
3.9,1.5
3.3,0.0
3.3,0.0
3.9,-0.1
5.0,0.5
6.1,1.5
7.8,6.1
8.3,0.5
9.4,0.3
10.0,0.0
12.8,0.0
13.3,-0.1
13.3,-0.1
13.3,0.5
13.9,-0.1
13.9,-0.1
13.3,-0.1
13.9,-0.1
14.4,0.8
11.7,0.5
10.0,0.0
8.3,0.0
7.8,0.0
7.2,0.0
6.1,0.0
5.6,0.0
5.0,0.0
3.9,0.0
3.3,0.0
3.3,0.0
2.8,0.0
2.8,0.0
2.8,0.0
2.2,0.0
1.7,0.0
0.6,0.0
0.6,0.0
0.6,0.0
0.6,0.0
1.1,0.0
1.7,0.0
1.7,0.0
2.2,0.0
2.2,0.0
1.7,0.0
1.1,0.0
1.1,0.0
1.7,0.0
0.6,0.0
-0.6,0.0
1.1,0.0
0.6,0.0
0.0,0.0
0.6,0.0
1.1,0.0
3.3,0.0
2.8,0.0
4.4,0.0
4.4,0.0
3.9,0.0
3.9,0.0
3.9,0.0
3.3,0.0
2.8,0.0
2.8,0.0
3.3,0.0
3.3,0.0
3.3,0.0
3.3,0.0
3.3,0.0
2.8,0.0
2.8,0.0
3.9,0.0
3.3,0.0
2.2,0.0
2.2,0.0
1.1,0.0
1.1,0.0
1.1,0.0
2.2,0.0
2.2,0.0
2.2,0.0
1.7,0.0
1.7,0.0
1.1,0.0
1.1,0.0
0.6,0.0
0.0,0.0
0.0,0.0
1.7,0.0
3.3,0.0
2.8,0.0
2.2,0.0
1.7,0.0
2.2,0.0
2.2,0.0
2.2,0.0
2.2,0.0
2.2,0.0
2.2,0.0
2.8,0.0
2.8,0.0
2.8,0.0
3.3,0.0
3.9,0.0
2.8,0.0
2.8,0.0
2.8,0.0
2.2,0.0
1.1,0.0
1.1,0.0
0.6,0.0
0.6,0.0
2.8,0.0
2.8,0.0
3.3,0.0
2.8,0.0
3.3,0.0
2.8,0.0
1.1,0.0
1.1,0.0
1.1,0.0
0.6,0.0
0.6,0.0
1.7,0.0
2.2,0.0
2.2,0.0
2.2,0.0
2.2,0.0
2.8,0.0
3.3,0.0
3.3,0.0
3.3,0.0
3.3,0.0
3.3,0.0
2.2,0.0
2.2,0.0
4.4,0.0
4.4,0.0
4.4,0.0
5.0,0.0
5.0,0.0
3.9,0.0
2.2,0.0
3.3,0.0
2.8,0.0
3.9,0.0
2.8,0.0
3.3,0.0
3.9,0.0
5.0,0.0
6.1,0.0
6.7,0.0
7.2,0.0
6.7,0.0
6.7,0.0
6.7,0.0
6.1,0.0
7.2,0.0
6.1,0.0
6.1,0.0
7.8,0.0
9.4,0.0
10.0,0.0
10.6,0.0
11.1,0.0
11.1,0.0
10.6,0.0
10.0,0.0
8.9,0.0
7.8,0.0
7.8,0.0
7.8,0.0
8.9,0.0
10.0,0.0
10.6,0.0
10.6,0.0
10.0,0.0
10.0,0.0
10.0,0.0
10.0,0.0
10.0,0.0
10.6,0.0
10.0,0.0
9.4,0.0
10.0,0.0
11.7,0.0
12.8,3.8
14.4,-0.1
13.9,0.3
14.4,-0.1
15.0,1.8
15.6,0.0
16.7,0.0
16.1,0.0
17.2,0.0
17.2,0.0
17.2,0.0
17.8,0.0
17.8,0.0
17.2,0.0
16.1,0.0
15.6,0.0
15.0,0.0
11.7,0.0
7.8,0.0
7.8,0.0
6.7,0.0
5.6,0.0
5.6,0.0
5.6,0.0
5.0,0.0
3.9,0.0
4.4,0.0
5.0,0.0
5.6,0.0
6.1,0.0
5.6,0.0
5.6,0.0
5.6,-0.1
5.6,-0.1
4.4,-0.1
5.0,-0.1
3.3,0.0
3.3,-0.1
5.0,2.5
6.1,5.3
4.4,1.5
4.4,-0.1
2.8,0.0
3.9,0.0
3.9,0.0
5.0,0.0
5.6,0.0
6.7,0.0
7.8,0.0
8.9,0.0
8.9,-0.1
10.0,3.6
11.1,0.3
12.8,0.0
15.0,0.0
15.0,0.0
16.1,0.0
17.2,0.0
16.1,0.0
12.2,0.0
10.6,0.0
10.0,0.0
9.4,0.0
8.9,0.0
8.9,0.0
9.4,1.3
9.4,3.8
9.4,-0.1
9.4,0.0
10.0,0.0
10.6,0.0
11.1,-0.1
13.3,-0.1
15.6,0.0
15.0,0.5
15.6,-0.1
14.4,2.5
12.2,-0.1
10.6,0.0
9.4,0.0
8.3,0.0
7.8,0.0
6.7,0.0
6.1,0.0
6.1,0.0
6.1,0.0
6.7,-0.1
6.7,0.3
5.0,0.0
3.9,0.0
2.8,0.0
2.2,0.0
2.8,0.0
2.8,0.0
2.8,0.0
2.8,0.0
2.8,0.0
3.3,0.0
3.9,0.0
3.9,0.0
4.4,0.0
4.4,0.0
3.3,0.0
3.3,0.0
3.3,0.0
2.8,0.0
3.9,0.0
4.4,0.0
5.0,0.0
5.6,0.0
3.9,0.0
3.9,0.0
5.0,0.0
3.9,0.0
4.4,0.0
2.8,0.0
2.8,0.0
2.8,0.0
2.2,0.0
2.8,0.0
2.2,0.0
2.2,0.0
2.8,0.0
2.8,0.0
2.8,0.0
3.3,0.0
3.3,0.0
3.3,0.0
4.4,0.0
3.3,0.0
3.3,0.0
3.3,0.0
3.3,0.0
3.3,0.0
5.0,0.3
6.7,6.6
6.7,1.5
6.1,0.5
6.7,0.0
7.2,0.0
8.3,0.0
9.4,-0.1
10.0,-0.1
10.6,0.0
11.1,0.0
11.7,0.0
12.8,0.0
13.3,0.0
14.4,0.0
13.9,0.0
13.3,0.0
12.8,0.0
12.2,0.0
11.1,0.0
11.7,0.0
12.8,0.0
13.3,0.0
13.3,0.0
14.4,0.0
15.0,0.0
13.3,0.0
11.1,0.0
8.9,0.0
8.9,0.0
8.3,0.0
7.8,0.0
8.3,0.0
8.3,0.0
8.3,0.0
8.3,0.0
8.3,0.0
8.3,0.0
8.9,0.0
9.4,0.0
9.4,0.0
8.9,0.0
9.4,0.0
8.9,0.0
8.3,0.0
8.9,0.0
8.9,0.0
8.9,0.0
8.3,0.0
8.9,0.0
8.3,0.0
8.9,0.0
8.9,0.0
9.4,0.3
10.6,2.0
10.6,3.0
10.6,1.5
11.1,0.8
11.7,0.0
11.1,-0.1
11.7,6.1
11.7,6.1
13.3,-0.1
13.3,0.0
13.9,0.0
15.0,0.0
16.1,0.0
16.7,0.0
17.2,0.0
17.8,0.0
18.3,0.0
17.8,0.0
18.3,1.3
17.2,0.0
17.2,2.7
18.3,10.9
18.9,1.0
18.9,-0.1
18.3,0.0
18.3,0.0
18.3,0.0
17.8,0.0
17.2,0.0
17.2,0.0
17.2,0.0
16.1,0.0
16.1,0.0
15.6,0.0
15.0,0.0
14.4,0.0
13.9,0.0
13.3,0.0
13.9,0.0
14.4,0.0
13.3,0.0
13.3,0.0
13.9,0.0
13.3,0.0
11.1,0.0
11.1,0.0
11.1,0.0
11.1,0.0
11.1,0.0
10.6,0.0
11.1,0.0
11.1,0.0
10.6,0.0
11.1,0.0
10.6,0.0
11.1,0.0
10.6,0.0
10.0,0.0
10.0,0.0
8.9,0.0
10.0,0.0
9.4,0.0
9.4,0.0
10.0,0.0
11.7,0.0
10.0,0.0
10.0,0.0
8.9,0.0
8.9,0.0
8.9,0.0
9.4,0.0
8.9,0.0
8.9,0.0
9.4,0.0
9.4,0.0
8.9,0.0
8.9,0.0
9.4,0.0
11.1,-0.1
13.3,0.7
13.3,0.3
13.3,-0.1
13.3,0.5
14.4,-0.1
15.0,-0.1
15.0,0.0
15.6,-0.1
16.1,0.0
16.7,0.0
17.2,0.0
16.7,0.0
15.6,0.0
13.3,0.0
13.3,0.0
12.8,0.0
11.7,0.0
10.6,0.0
10.6,0.0
10.0,0.0
10.0,0.0
10.0,0.0
10.0,0.0
10.0,0.0
10.0,0.0
10.6,-0.1
11.1,0.0
11.1,0.0
11.1,0.0
11.1,0.0
10.6,0.0
10.6,0.0
10.6,0.0
10.6,0.0
10.6,0.0
10.6,-0.1
10.0,0.0
10.0,0.0
10.0,0.0
10.6,0.0
10.6,0.0
10.6,0.0
10.6,0.0
10.6,0.0
10.6,0.0
11.1,0.0
11.1,0.0
12.2,0.0
12.8,0.0
12.8,0.0
13.3,0.0
13.3,0.0
13.9,0.0
13.9,0.0
13.9,0.0
13.9,0.0
14.4,0.0
15.0,0.0
15.6,0.0
15.6,0.0
16.1,0.0
16.1,0.0
16.1,0.0
16.1,-0.1
12.8,0.0
12.2,0.0
12.8,-0.1
13.9,0.0
13.9,0.0
13.9,0.0
12.8,0.0
11.7,0.0
11.7,0.0
12.2,0.0
12.8,0.0
11.1,0.0
12.8,0.0
12.2,0.0
12.8,0.0
13.3,0.0
15.0,0.0
15.0,0.0
14.4,0.0
13.9,0.0
13.9,0.0
13.9,0.0
13.9,0.0
13.3,0.0
12.8,0.0
12.8,0.0
13.3,0.0
14.4,0.0
15.0,0.0
13.9,0.0
14.4,0.0
12.8,0.0
12.2,0.0
12.2,0.0
12.8,0.0
14.4,0.0
14.4,0.0
15.0,0.0
15.6,0.0
16.1,0.0
16.1,0.0
16.7,0.0
16.7,0.0
16.7,0.0
16.7,0.0
16.7,0.0
16.1,0.0
15.0,0.0
15.0,0.0
15.0,0.0
15.0,0.0
15.6,0.0
14.4,0.0
13.9,0.0
13.3,0.0
14.4,0.0
15.0,-0.1
16.1,-0.1
16.1,-0.1
16.1,0.3
15.6,0.0
15.6,0.0
15.0,0.0
15.6,0.0
15.6,11.7
15.6,-0.1
14.4,0.0
13.9,0.0
12.8,0.0
12.8,0.0
13.3,0.0
11.7,0.0
11.7,0.0
10.6,0.0
8.3,0.0
8.3,0.0
7.8,0.0
6.7,0.0
3.9,0.0
2.8,0.0
3.9,0.0
3.9,0.0
3.3,0.0
2.8,0.0
3.9,0.0
3.9,0.0
4.4,0.0
4.4,0.0
5.6,0.0
6.7,0.0
6.7,0.0
6.7,0.0
1.7,0.0
2.2,0.0
1.7,0.0
1.1,0.0
1.1,0.0
1.7,0.0
0.6,0.0
1.1,0.0
1.7,0.0
1.1,0.0
1.7,0.0
2.8,0.0
3.9,0.0
5.0,0.0
5.0,0.0
6.1,0.0
6.7,0.0
7.2,0.0
7.8,0.0
8.3,0.0
8.9,0.0
8.9,0.0
8.3,0.0
7.2,0.0
6.1,0.0
6.7,0.0
6.7,-0.1
7.2,-0.1
8.3,-0.1
8.3,0.0
10.0,0.0
11.7,0.0
11.1,0.0
12.2,0.0
13.3,-0.1
13.3,1.8
14.4,0.8
14.4,0.0
15.0,0.0
16.7,0.0
17.2,0.0
17.8,0.0
18.3,0.0
18.3,0.0
17.8,0.0
18.3,0.0
18.3,0.0
16.7,8.9
16.7,2.0
16.7,-0.1
16.7,0.0
16.7,-0.1
17.2,0.8
16.7,-0.1
16.1,0.0
16.7,0.0
16.7,0.0
17.2,0.0
17.2,0.0
17.2,0.0
17.8,0.0
17.8,0.0
17.2,0.0
17.8,0.0
17.2,0.0
16.7,0.0
16.7,0.0
16.7,0.0
17.2,0.0
17.8,0.0
17.8,0.0
17.2,0.0
17.2,0.0
15.0,0.0
13.9,0.0
13.9,0.0
13.3,0.0
12.8,0.0
12.8,0.0
13.3,0.0
13.9,0.0
14.4,0.0
15.6,0.0
16.1,0.0
17.8,0.0
17.2,0.0
15.6,0.0
16.1,0.0
14.4,0.0
14.4,0.0
13.9,0.0
14.4,0.0
13.9,0.0
16.7,0.0
15.6,0.0
14.4,0.0
13.3,0.0
12.8,0.0
12.8,0.0
12.8,0.0
12.8,0.0
12.2,0.0
12.2,0.0
13.3,0.0
12.2,0.0
13.3,0.0
13.9,0.0
14.4,0.0
14.4,0.0
14.4,0.0
13.3,0.0
12.2,0.0
11.7,0.0
10.6,0.0
10.6,0.0
10.0,0.0
11.1,0.0
11.1,0.0
12.2,0.0
12.2,0.0
12.2,0.0
12.2,0.0
12.8,0.0
10.6,0.0
9.4,0.0
9.4,0.0
9.4,0.0
10.0,0.0
10.6,0.0
11.1,0.0
12.2,0.0
11.7,0.0
10.0,0.0
11.1,0.0
11.1,0.0
11.7,0.0
8.9,0.0
10.6,0.0
13.3,0.0
11.1,0.0
12.2,0.0
12.2,0.0
12.2,0.0
11.7,0.0
12.2,0.0
11.1,0.0
12.8,0.0
12.2,0.0
12.2,0.0
12.2,0.0
12.2,-0.1
12.2,-0.1
13.3,0.0
14.4,0.0
16.1,0.0
16.7,0.0
16.1,0.0
16.1,0.0
16.1,-0.1
16.1,0.0
16.7,0.0
16.1,0.0
17.2,0.0
17.2,0.0
16.7,0.0
16.7,0.0
16.7,0.5
13.9,-0.1
13.3,-0.1
12.2,0.0
10.6,0.0
10.6,0.0
9.4,0.0
9.4,0.0
8.3,0.0
7.8,0.0
7.2,0.0
6.1,0.0
5.0,0.0
5.0,0.0
4.4,0.0
5.0,0.0
6.1,0.0
5.6,0.0
5.6,0.0
5.0,0.0
4.4,0.0
2.8,0.0
3.9,0.0
7.8,0.0
7.8,0.0
6.7,0.0
7.2,0.0
8.3,0.0
9.4,0.0
8.9,0.0
8.9,0.0
8.3,0.0
8.3,0.0
9.4,0.0
7.8,0.0
7.8,0.0
7.8,0.0
6.7,0.0
6.1,0.0
6.7,0.0
7.2,0.0
10.6,-0.1
12.8,0.5
12.2,0.0
11.1,0.0
10.6,0.0
10.6,0.0
11.1,0.0
10.6,0.0
10.6,-0.1
11.7,0.3
12.8,0.5
12.2,0.5
12.2,0.8
12.8,0.3
12.8,-0.1
12.8,0.3
12.8,-0.1
12.8,0.0
12.8,-0.1
13.3,2.0
13.3,0.5
13.3,-0.1
13.9,0.3
13.9,-0.1
13.9,0.5
12.2,1.3
12.8,0.3
12.2,1.8
11.7,0.3
11.1,0.3
10.6,0.0
10.6,0.0
10.0,0.0
10.0,0.0
9.4,0.0
8.9,0.0
7.8,0.0
6.7,0.0
5.6,0.0
5.0,0.0
5.6,0.0
5.6,0.0
5.6,0.0
5.6,0.0
3.9,0.0
2.8,0.0
3.3,0.0
3.9,0.0
3.9,0.0
3.9,0.0
4.4,0.0
5.0,0.0
3.9,0.0
4.4,0.0
5.0,0.0
5.6,0.0
5.0,0.0
5.0,0.0
5.6,0.0
6.1,0.0
6.1,0.0
6.1,0.0
5.0,0.0
5.6,0.0
5.6,0.0
6.7,-0.1
8.9,-0.1
10.0,0.0
11.1,0.0
11.1,0.0
10.6,0.0
10.0,0.0
7.8,0.0
10.6,0.0
8.9,0.0
9.4,0.0
10.0,0.0
10.0,0.0
11.7,0.0
13.3,0.0
12.8,0.0
12.2,0.0
12.2,0.0
12.2,0.0
11.7,0.0
12.2,0.0
12.2,0.0
12.2,0.0
13.3,0.0
13.9,0.0
14.4,0.0
15.0,0.0
16.1,0.0
16.7,0.0
17.2,0.0
16.7,0.0
17.2,0.0
15.6,0.0
13.9,0.0
12.8,0.0
11.7,0.0
11.1,0.0
11.1,0.0
10.6,0.0
11.7,-0.1
10.6,-0.1
10.6,0.3
10.6,4.1
11.1,0.3
11.1,1.3
11.1,2.5
11.1,-0.1
11.7,0.3
11.1,-0.1
11.1,-0.1
11.1,0.0
11.1,-0.1
11.7,-0.1
12.2,0.0
12.2,0.0
12.2,0.0
12.2,0.0
12.2,0.0
12.2,0.0
13.3,0.0
11.1,0.0
10.6,0.0
10.6,0.0
11.1,0.0
11.1,0.0
10.6,0.0
10.6,0.0
11.1,0.0
11.1,0.0
11.1,0.0
11.1,0.0
11.1,0.0
11.1,0.0
11.1,0.0
12.2,0.0
12.2,0.0
12.8,0.0
13.9,0.0
13.9,0.0
14.4,0.0
15.0,0.0
15.0,0.0
14.4,0.0
15.0,0.0
15.6,0.0
15.6,0.0
15.6,0.0
15.0,0.0
15.0,0.0
15.0,0.0
14.4,0.0
13.3,0.0
12.8,0.0
12.8,0.0
12.8,0.0
15.6,0.0
15.6,0.0
15.6,0.0
15.6,0.0
15.6,0.0
16.1,0.0
15.6,0.0
15.0,0.0
16.1,-0.1
16.1,-0.1
16.7,0.0
16.7,0.0
16.1,0.0
16.7,0.0
16.7,0.0
16.7,0.0
16.7,0.0
16.7,0.0
17.2,0.0
16.1,0.0
16.1,-0.1
16.1,-0.1
16.1,2.5
15.6,0.8
15.6,0.3
15.6,0.3
16.1,1.3
16.7,-0.1
16.1,-0.1
16.1,-0.1
15.6,-0.1
16.7,-0.1
16.1,0.3
15.6,0.0
14.4,0.0
13.9,0.0
13.9,0.0
13.3,0.0
13.3,0.0
12.8,0.0
13.3,0.0
12.8,0.0
11.7,0.0
11.7,0.0
11.7,0.0
11.7,0.0
12.2,0.0
12.2,0.0
12.2,0.0
12.2,0.0
12.2,0.0
13.3,0.0
13.3,0.0
12.8,0.0
13.3,0.0
13.3,0.0
12.8,0.0
12.8,0.0
12.8,0.0
13.3,0.0
12.2,0.0
11.7,0.0
11.7,0.0
11.7,0.0
12.2,0.0
11.7,0.0
11.1,0.0
11.1,0.0
11.7,0.0
11.1,0.0
11.1,0.0
10.6,0.0
11.7,0.0
8.9,0.0
9.4,0.0
10.6,0.0
11.1,0.0
11.1,0.0
11.7,0.0
11.1,0.0
11.1,0.0
10.6,0.0
10.0,0.0
8.3,0.0
7.8,0.0
7.2,0.0
7.8,0.0
7.8,0.0
7.8,0.0
7.8,0.0
7.8,0.0
7.8,0.0
7.2,0.0
7.2,0.0
7.2,0.0
7.2,0.0
8.9,0.0
11.1,0.0
11.7,0.0
12.8,0.0
12.8,0.0
13.3,0.0
13.3,0.0
13.3,0.0
14.4,0.0
15.0,0.0
15.0,0.0
15.0,0.0
14.4,-0.1
14.4,0.0
14.4,0.0
13.9,0.0
13.3,0.0
12.2,0.0
12.2,0.0
12.8,0.0
13.3,0.0
14.4,0.0
14.4,0.0
15.0,0.0
15.6,-0.1
16.1,-0.1
17.2,0.0
17.8,0.0
18.3,0.0
18.9,0.0
20.0,-0.1
20.0,-0.1
19.4,-0.1
19.4,0.0
20.0,0.0
18.9,0.0
18.3,0.0
18.9,0.0
18.9,0.0
18.9,0.0
18.9,0.0
18.3,0.0
17.8,0.0
17.8,0.0
17.8,0.0
17.2,0.0
17.2,0.0
18.3,0.0
18.3,0.0
18.3,0.0
18.9,-0.1
18.3,-0.1
18.9,-0.1
18.9,-0.1
18.3,0.0
18.3,0.0
15.6,-0.1
15.6,0.8
16.7,-0.1
16.1,0.5
15.6,7.4
16.1,-0.1
15.6,0.0
15.0,0.0
15.0,0.0
14.4,0.0
13.9,0.0
13.9,0.0
13.3,0.0
13.9,0.0
13.9,0.0
13.9,0.0
14.4,0.0
14.4,0.0
15.0,0.3
15.0,-0.1
15.6,0.0
15.6,0.0
16.1,0.0
16.7,0.8
17.2,0.0
16.7,0.0
15.6,0.0
16.1,0.0
15.6,0.0
16.1,0.0
16.7,0.0
16.7,0.0
16.1,0.0
13.9,0.0
13.9,0.0
13.9,0.0
13.9,0.0
12.8,0.0
12.2,0.0
12.2,0.0
14.4,0.0
13.9,0.0
15.0,0.0
15.0,0.0
13.3,0.0
12.2,0.0
11.7,0.0
11.7,0.0
12.2,0.0
13.9,0.0
13.3,0.0
13.3,0.0
15.6,0.0
16.1,0.0
16.1,0.0
16.1,0.0
16.1,0.0
15.6,0.0
15.6,0.0
15.6,0.0
15.0,0.0
15.0,0.0
15.0,0.0
15.6,0.0
16.7,0.0
17.8,0.0
18.9,0.0
19.4,0.0
18.3,0.0
18.3,0.0
19.4,0.0
18.9,0.0
19.4,0.0
16.7,-0.1
17.8,8.4
17.8,0.8
18.3,-0.1
18.3,0.0
17.8,0.0
17.8,0.0
17.8,0.0
17.2,0.0
17.2,0.0
17.2,0.0
16.7,0.0
17.2,0.0
17.8,0.0
17.2,0.0
17.2,5.5
18.3,0.2
17.8,11.2
18.3,1.8
18.9,-0.1
18.9,0.0
18.9,0.0
19.4,0.0
18.9,0.0
18.3,0.0
19.4,0.0
20.0,0.0
20.0,0.0
21.7,0.0
21.1,0.0
20.6,0.0
20.6,0.0
20.0,0.0
19.4,0.0
19.4,0.0
20.0,0.0
19.4,0.0
18.9,0.0
19.4,0.0
20.6,0.0
21.1,0.0
20.6,0.0
20.0,0.0
20.0,0.0
19.4,0.0
20.6,0.0
20.6,0.0
20.6,0.0
20.6,0.0
21.1,0.0
21.1,0.0
21.1,0.0
21.1,0.0
22.2,0.0
21.7,0.0
21.1,0.0
21.1,0.0
20.6,0.0
20.6,0.0
21.1,0.0
20.6,0.0
20.0,0.0
20.0,0.0
20.0,0.0
20.0,0.0
21.1,0.0
21.7,0.0
22.2,0.0
18.9,17.3
18.3,1.5
18.3,0.0
19.4,0.0
19.4,0.0
20.0,0.0
20.0,1.3
19.4,1.5
19.4,-0.1
19.4,0.0
19.4,0.0
18.9,0.0
18.3,0.0
17.8,0.0
18.9,0.0
17.8,0.0
18.3,0.0
18.9,0.0
18.9,0.0
18.9,0.0
19.4,0.0
20.0,0.0
20.0,0.0
20.6,0.0
20.6,0.0
20.6,0.0
21.1,0.0
20.6,0.0
19.4,0.0
20.0,0.0
18.9,0.0
20.0,0.0
20.0,0.0
20.6,0.0
21.7,0.0
21.1,0.0
20.6,0.0
20.6,0.0
20.6,0.0
20.6,-0.1
20.6,-0.1
20.6,0.0
20.6,0.0
20.6,0.0
21.1,0.0
21.7,0.0
21.7,0.0
21.7,0.0
22.2,0.0
22.2,0.0
21.7,0.0
21.1,0.0
20.6,0.0
20.0,0.0
20.0,0.0
18.3,0.0
18.9,0.0
20.0,0.0
20.0,0.0
19.4,0.0
20.0,0.0
19.4,0.0
19.4,0.0
19.4,0.0
19.4,0.0
19.4,0.0
19.4,0.0
20.6,0.0
21.1,0.0
21.1,0.0
21.1,0.0
21.1,0.0
21.1,0.0
21.7,0.0
21.7,0.0
20.6,0.0
21.7,-0.1
21.7,0.0
21.1,0.0
18.9,0.0
18.3,0.0
20.0,13.0
18.9,18.3
19.4,0.8
20.0,0.5
20.0,0.5
19.4,0.0
18.9,0.0
18.9,0.0
19.4,0.0
19.4,0.0
20.0,0.0
20.6,0.0
21.1,0.0
21.1,0.0
21.7,0.0
21.7,0.0
21.7,0.0
21.7,0.0
22.2,3.6
23.3,-0.1
23.3,0.0
22.2,0.0
21.7,0.0
21.7,0.0
22.2,0.0
22.2,0.0
21.7,0.0
21.1,0.0
21.7,0.0
21.7,0.0
20.0,0.0
20.6,0.0
21.1,0.0
20.6,0.0
21.7,0.0
22.2,0.0
22.2,0.0
22.8,0.0
22.8,0.0
22.8,0.0
23.3,0.0
22.8,0.0
21.7,0.0
21.7,0.0
22.2,0.0
20.6,0.0
21.1,0.0
21.1,0.0
21.7,0.0
21.7,0.0
21.7,0.0
21.1,0.0
20.6,0.0
20.6,0.0
20.6,0.0
21.1,0.0
21.1,-0.1
20.6,0.5
20.0,1.0
18.3,6.9
18.9,-0.1
17.2,-0.1
17.2,2.0
18.3,0.8
16.7,0.0
15.6,0.0
16.7,0.0
16.7,0.0
15.6,0.0
16.1,0.0
16.1,0.0
16.1,0.0
15.0,0.0
15.0,0.0
16.1,0.0
15.0,0.0
15.0,0.0
12.8,0.0
12.2,0.0
11.1,0.0
10.6,0.0
11.1,0.0
11.7,0.0
11.7,0.0
12.8,0.0
13.3,0.0
13.9,0.0
13.9,0.0
14.4,0.0
14.4,0.0
14.4,0.0
14.4,0.0
14.4,0.0
14.4,0.0
14.4,0.0
15.0,0.0
15.6,0.0
15.0,0.0
15.0,0.0
15.0,0.0
15.0,0.0
14.4,0.0
14.4,0.0
13.9,0.0
13.3,0.0
13.9,0.0
14.4,0.0
12.8,0.0
11.7,0.0
11.7,0.0
13.3,0.0
14.4,0.0
15.6,0.0
14.4,0.0
13.9,0.0
15.6,0.0
15.6,0.0
15.0,0.0
15.6,0.0
15.0,0.0
15.0,0.0
14.4,0.0
14.4,0.0
13.9,0.0
13.9,0.0
13.9,0.0
13.3,0.0
13.3,0.0
12.8,0.0
12.8,0.0
14.4,0.0
13.9,0.0
15.6,0.0
16.1,0.0
17.2,0.0
18.3,0.0
18.9,0.0
18.9,0.0
18.3,0.0
18.3,0.0
17.8,0.0
17.8,0.0
17.8,0.0
17.8,0.0
18.3,0.0
19.4,0.8
21.1,5.8
21.1,0.0
21.1,0.0
21.1,0.0
21.7,0.0
21.7,0.0
21.7,0.0
21.7,0.0
21.7,0.0
22.2,0.0
22.8,0.0
21.7,0.0
18.9,0.0
18.3,0.0
18.9,0.0
18.3,0.0
13.9,0.0
13.9,0.0
14.4,0.0
15.6,0.0
15.6,0.0
16.1,0.0
16.1,0.0
16.1,0.0
16.7,0.0
16.7,0.0
16.7,0.0
16.7,0.0
17.2,0.0
17.2,0.0
17.2,0.0
17.2,0.0
17.2,0.0
17.8,0.0
17.2,0.0
16.7,0.0
16.1,0.0
15.0,0.0
15.6,0.0
13.9,0.0
13.3,0.0
14.4,0.0
12.8,0.0
11.7,0.0
11.7,0.0
12.8,0.0
13.9,0.0
14.4,0.0
14.4,0.0
13.9,0.0
14.4,0.0
13.9,0.0
13.9,0.0
13.9,0.0
13.3,0.0
13.3,0.0
15.6,0.0
16.1,0.0
16.1,0.0
14.4,0.0
14.4,0.0
14.4,0.0
15.0,0.0
15.0,0.0
16.1,0.0
16.1,0.0
16.7,0.0
16.1,0.0
17.2,0.0
17.8,0.0
17.8,0.0
17.8,0.0
17.8,0.0
17.8,0.0
17.8,0.0
18.3,0.0
17.8,0.0
18.3,0.0
17.8,0.0
17.8,0.0
18.3,0.0
19.4,0.0
20.6,0.0
21.7,0.0
21.1,0.0
20.0,0.0
19.4,0.0
18.3,0.0
17.8,0.0
17.2,0.0
18.3,0.0
18.9,0.0
18.9,0.0
17.8,0.0
16.7,0.0
17.2,0.0
17.8,0.0
17.8,0.0
17.2,0.0
16.7,0.0
15.6,0.0
15.6,0.0
15.6,0.0
15.6,0.0
15.6,0.0
15.0,0.0
15.6,0.0
15.6,0.0
16.1,0.0
17.2,0.0
18.3,0.0
18.9,0.0
18.9,0.0
19.4,0.0
19.4,0.0
18.9,0.0
19.4,0.0
20.0,0.0
20.6,0.0
18.9,0.0
18.9,0.0
18.9,0.0
19.4,0.0
20.0,0.0
20.0,0.0
20.0,0.0
20.0,0.0
20.6,0.0
20.6,0.0
21.1,0.0
21.1,0.0
21.7,0.0
21.7,0.0
21.1,0.0
21.1,0.0
18.9,0.0
18.3,0.0
18.9,0.0
18.3,0.0
18.9,0.0
18.9,0.0
18.9,0.0
18.9,0.0
18.9,0.0
18.3,0.0
18.3,0.0
18.3,0.0
18.3,0.0
18.3,0.0
18.3,0.0
18.3,0.0
18.3,0.0
18.9,0.0
19.4,0.0
19.4,0.0
19.4,0.0
19.4,0.0
20.0,0.0
20.6,0.0
20.0,0.0
20.0,0.0
19.4,0.0
20.6,0.0
20.6,0.0
21.1,0.0
21.1,0.0
21.7,0.0
20.0,0.0
19.4,-0.1
20.6,1.0
20.6,1.0
18.9,0.5
19.4,-0.1
19.4,0.0
19.4,0.0
19.4,0.0
19.4,0.0
20.0,0.0
21.1,0.0
22.2,0.0
22.2,0.0
22.2,0.0
22.2,0.0
21.7,0.0
21.1,0.0
21.1,0.0
21.1,0.0
21.1,0.0
21.7,0.0
21.7,0.0
21.7,0.0
21.7,0.0
21.7,0.0
21.1,0.0
21.1,0.0
21.1,0.0
21.1,0.0
20.6,0.0
21.1,1.2
20.0,16.0
20.6,3.3
20.0,3.3
20.6,-0.1
20.6,1.3
20.6,0.3
21.1,0.3
21.1,0.0
21.7,0.0
21.7,0.0
22.2,0.0
22.8,0.0
23.3,0.0
23.9,0.0
23.9,0.0
24.4,0.0
24.4,0.0
24.4,0.0
24.4,0.0
25.0,0.0
25.0,0.0
21.1,1.0
21.7,5.6
18.9,21.6
19.4,4.6
19.4,0.0
19.4,0.0
21.1,0.0
21.1,0.0
23.3,0.0
24.4,0.0
24.4,0.0
25.6,0.0
25.0,0.0
25.6,0.0
25.6,0.0
25.6,0.0
25.6,0.0
25.6,0.0
26.1,0.0
25.6,0.0
25.6,0.0
25.6,0.0
25.6,0.0
22.2,0.0
22.2,0.0
22.8,0.0
23.3,0.0
24.4,0.0
24.4,0.0
25.0,0.0
25.0,0.0
25.0,0.0
25.0,0.0
25.0,0.0
23.9,0.0
20.0,0.0
19.4,4.3
18.9,0.5
18.9,0.0
18.9,0.0
20.0,0.0
20.0,0.0
19.4,0.0
19.4,0.0
19.4,0.0
18.9,0.0
17.8,0.0
17.8,0.0
17.8,0.0
17.8,0.0
17.8,0.0
17.8,0.0
17.8,0.0
17.8,0.0
16.1,0.0
16.7,0.0
15.6,0.0
15.0,0.0
13.9,0.0
13.3,0.0
15.0,0.0
15.6,0.0
15.0,0.0
15.6,0.0
17.2,0.0
15.6,0.0
15.6,0.0
15.6,0.0
15.6,0.0
15.6,0.0
14.4,0.0
15.0,0.0
15.0,0.0
14.4,0.0
13.9,0.0
14.4,0.0
14.4,0.0
13.3,0.0
12.2,0.0
11.1,0.0
11.7,0.0
11.1,0.0
10.0,0.0
11.1,0.0
10.6,0.0
10.0,0.0
10.6,0.0
10.0,0.0
10.6,0.0
13.3,0.0
13.9,0.0
12.2,0.0
12.2,0.0
12.2,0.0
12.2,0.0
12.8,0.0
12.8,0.0
12.8,0.0
12.8,0.0
12.8,0.0
13.9,0.0
14.4,0.0
13.3,0.0
13.9,0.0
13.9,0.0
14.4,0.0
13.3,0.0
12.8,0.0
13.9,0.0
14.4,0.0
15.0,0.0
15.0,0.0
15.0,0.0
15.6,0.0
16.1,0.0
16.1,0.0
16.1,0.0
15.6,0.0
15.6,0.0
15.0,0.0
15.0,0.0
14.4,0.0
13.9,0.0
13.9,0.0
15.0,0.0
16.7,0.0
16.7,0.0
16.1,0.0
16.7,0.0
14.4,0.0
12.2,0.0
11.1,0.0
14.4,0.0
14.4,0.0
13.9,0.0
13.9,0.0
15.6,0.0
16.1,0.0
17.2,0.0
17.2,0.0
17.8,
17.2,
17.2,0.0
16.7,0.0
16.7,0.0
16.7,0.0
16.7,0.0
16.7,0.0
17.2,0.0
16.7,0.0
15.6,0.0
15.6,0.0
15.0,0.0
15.6,0.0
15.0,0.0
15.0,0.0
15.6,0.0
16.1,0.0
15.6,0.0
15.6,0.0
15.0,0.0
16.1,0.0
16.1,0.0
16.1,0.0
16.1,0.0
16.1,0.0
15.6,0.0
15.0,0.0
15.0,0.0
15.0,0.0
14.4,0.0
15.6,-0.1
15.6,-0.1
16.1,-0.1
16.7,0.0
17.8,0.3
18.3,-0.1
17.8,0.0
17.2,0.0
17.2,0.0
17.2,0.0
17.2,0.0
17.8,0.0
17.8,0.0
17.8,0.0
17.8,0.0
17.8,0.0
17.8,
17.8,
18.3,0.0
18.3,0.0
18.3,0.0
18.3,0.0
18.3,0.0
17.8,0.0
17.8,0.0
17.8,0.0
17.8,0.0
18.3,0.0
18.3,0.0
19.4,0.0
19.4,0.0
20.6,0.0
20.6,0.0
21.1,0.0
20.6,0.0
21.1,0.0
21.1,0.0
21.1,0.0
20.6,0.0
20.6,0.0
20.6,0.0
20.6,0.0
20.6,0.0
20.6,0.0
20.6,0.0
20.0,0.0
20.6,0.0
20.6,0.0
20.0,0.0
21.1,0.0
20.6,0.0
21.1,0.0
21.7,0.0
21.7,0.0
20.6,0.0
20.0,0.0
19.4,0.0
18.3,0.0
18.9,0.0
18.9,0.0
18.9,0.0
18.9,0.0
19.4,0.0
19.4,0.0
19.4,
19.4,
19.4,0.0
18.9,0.0
18.9,0.0
19.4,0.0
20.6,1.0
20.0,3.0
20.0,1.0
20.0,-0.1
20.0,0.0
20.0,0.0
20.0,0.0
19.4,0.0
16.7,0.0
17.2,0.0
16.7,0.0
15.6,0.0
15.6,0.0
16.1,0.0
16.7,0.0
16.1,0.0
16.1,0.0
16.7,0.0
17.2,0.0
17.2,0.0
16.7,0.0
15.6,0.0
14.4,0.0
13.9,0.0
13.3,0.0
13.3,0.0
13.3,0.0
13.3,0.0
13.9,0.0
13.9,0.0
13.9,0.0
13.3,0.0
11.1,0.0
12.2,0.0
11.1,0.0
11.7,0.0
12.8,0.0
12.2,0.0
12.2,0.0
12.2,0.0
12.2,0.0
12.8,0.0
13.9,0.0
13.3,0.0
13.9,0.0
13.3,0.0
13.3,0.0
12.8,0.0
12.2,0.0
12.2,0.0
12.2,0.0
12.8,0.0
15.0,0.0
15.0,0.0
13.9,0.0
12.8,0.0
12.2,0.0
12.8,0.0
11.7,0.0
10.0,0.0
11.7,0.0
11.7,0.0
12.8,0.0
12.8,0.0
12.8,0.0
13.9,0.0
13.9,0.0
13.9,0.0
12.8,0.0
12.2,0.0
12.2,0.0
12.2,0.0
11.7,0.0
11.7,0.0
11.1,0.0
12.2,0.0
13.9,0.0
15.0,0.0
13.9,0.0
13.3,0.0
12.8,0.0
11.1,0.0
11.1,0.0
8.9,0.0
10.6,0.0
8.9,0.0
7.2,0.0
10.6,0.0
10.6,0.0
11.7,0.0
12.2,0.0
12.2,0.0
12.8,0.0
12.8,0.0
12.2,0.0
12.2,0.0
12.2,0.0
12.2,0.0
11.7,0.0
12.8,0.0
14.4,0.0
13.3,0.0
12.8,0.0
10.6,0.0
12.2,0.0
11.1,0.0
11.1,0.0
12.8,0.0
12.2,0.0
13.3,0.0
13.3,0.0
13.3,0.0
13.3,0.0
15.0,0.0
15.6,0.0
15.6,0.0
16.1,0.0
16.1,0.0
16.1,0.0
15.6,0.0
16.1,0.0
16.1,0.0
15.6,0.0
15.6,0.0
17.2,0.0
17.2,0.0
18.3,0.0
18.9,0.0
18.3,0.0
18.3,0.0
18.3,0.0
18.9,0.0
18.3,0.0
17.8,0.0
18.3,0.0
17.8,-0.1
18.3,-0.1
16.7,-0.1
17.2,-0.1
18.3,2.3
18.3,0.5
17.2,0.0
17.2,0.0
16.7,0.0
17.2,0.0
16.7,0.0
16.7,0.0
17.8,0.0
17.2,0.0
17.8,0.0
18.9,0.0
18.3,0.0
18.3,0.0
18.9,0.0
18.3,0.0
18.9,0.0
18.9,0.0
20.0,0.0
19.4,0.0
18.9,0.0
20.0,0.0
20.0,0.0
20.0,0.0
20.0,0.0
20.0,0.0
20.0,0.0
19.4,0.0
18.9,0.0
18.9,0.0
18.3,0.0
18.3,0.0
18.3,0.0
18.9,0.0
18.9,0.0
18.9,0.0
17.8,0.0
18.3,0.0
18.9,0.0
19.4,0.0
18.3,0.0
18.9,0.0
17.8,0.0
17.2,0.0
17.2,0.0
16.1,0.0
17.8,-0.1
17.2,22.4
18.3,4.8
17.8,1.8
17.8,1.5
17.8,0.0
17.8,0.0
17.8,0.0
18.3,0.0
18.3,0.0
18.3,0.0
18.9,0.0
18.3,0.0
18.3,0.0
17.8,0.0
17.2,0.0
16.1,0.0
16.7,0.0
16.1,0.0
14.4,0.0
15.0,0.0
15.6,0.0
17.2,0.0
17.8,0.0
18.3,0.0
17.8,0.0
17.8,0.0
17.2,0.0
17.2,0.0
17.2,0.0
16.7,0.0
16.1,0.0
16.1,0.0
16.1,0.0
16.7,0.0
17.2,0.0
17.2,0.0
17.8,0.0
17.2,0.0
17.8,0.0
17.8,0.0
18.3,0.0
17.8,0.0
18.3,0.0
18.3,0.0
18.3,0.0
18.9,0.0
18.3,0.0
17.8,0.0
18.9,0.0
19.4,3.8
19.4,-0.1
19.4,0.0
18.9,0.0
18.3,0.0
17.2,0.0
17.2,0.0
16.7,0.0
17.2,0.0
17.2,0.0
16.7,0.0
16.1,0.0
14.4,0.0
14.4,0.0
13.3,0.0
12.2,0.0
11.1,0.0
11.7,0.0
11.1,0.0
10.6,0.0
11.1,0.0
11.7,0.0
12.2,0.0
12.2,0.0
12.2,0.0
12.2,0.0
12.2,0.0
12.2,0.0
11.7,0.0
11.7,0.0
12.2,0.0
11.7,0.0
12.8,0.0
13.9,0.0
13.3,0.0
12.2,0.0
11.7,0.0
10.0,0.0
11.1,0.0
11.1,0.0
11.7,0.0
12.2,0.0
12.8,0.0
12.2,0.0
12.8,0.0
13.9,0.0
13.9,0.0
14.4,0.0
13.9,0.0
13.9,0.0
13.9,0.0
13.3,0.0
13.9,0.0
13.9,0.0
13.9,0.0
14.4,0.0
15.0,0.0
15.6,0.0
14.4,0.0
14.4,0.0
13.9,0.0
13.3,0.0
13.9,0.0
14.4,0.0
14.4,0.0
13.9,0.0
14.4,0.0
14.4,0.0
15.0,-0.1
15.0,-0.1
16.7,0.0
15.6,0.0
15.6,0.0
14.4,0.0
15.0,0.0
15.0,-0.1
17.2,1.0
17.2,2.8
17.2,0.5
17.2,0.3
17.2,0.5
17.8,0.3
17.8,0.0
17.8,0.0
17.2,0.0
17.8,0.0
18.3,0.0
18.9,0.0
19.4,0.0
19.4,0.0
19.4,0.0
20.0,0.0
20.0,0.0
20.0,0.0
20.0,0.0
19.4,0.0
18.9,0.0
18.3,0.0
17.8,0.0
17.8,0.0
17.2,0.0
16.7,0.0
16.7,0.0
16.7,0.0
18.3,0.0
18.9,0.0
20.0,0.0
20.0,0.0
19.4,0.0
20.0,0.0
20.0,0.0
20.6,0.3
20.6,0.3
21.1,0.3
21.7,0.3
20.0,-0.1
21.1,-0.1
20.6,
20.6,-0.1
20.0,0.0
20.0,0.0
20.0,0.0
19.4,0.5
20.0,0.3
20.0,0.8
19.4,0.0
19.4,0.0
18.9,0.0
18.3,0.0
18.9,0.0
18.9,0.0
18.3,0.0
18.3,0.0
18.9,0.0
20.0,1.3
20.0,0.0
21.1,3.8
20.6,-0.1
19.4,0.0
18.9,0.0
19.4,0.0
18.9,0.0
17.2,0.0
16.7,0.0
16.7,0.0
16.1,0.0
16.1,0.0
13.9,0.0
15.0,0.8
15.0,-0.1
15.0,0.0
15.6,-0.1
15.6,0.0
15.6,0.0
15.0,0.0
15.0,0.0
15.6,0.0
16.1,0.0
17.2,0.0
17.2,0.0
17.2,-0.1
17.2,0.3
16.1,0.0
14.4,0.0
13.9,0.0
12.2,0.0
14.4,0.0
14.4,0.0
15.0,0.0
15.0,0.0
15.0,0.0
14.4,0.0
13.9,0.0
14.4,0.0
13.3,0.0
12.8,0.0
12.8,0.0
15.6,0.0
15.0,0.0
14.4,0.0
12.8,0.0
12.8,0.0
11.7,0.0
11.1,0.0
11.1,0.0
11.1,0.0
10.0,0.0
11.1,0.0
11.7,0.0
12.8,0.0
13.3,0.0
13.9,0.0
14.4,0.0
14.4,0.0
14.4,0.0
13.9,0.0
13.9,0.0
13.9,0.0
14.4,0.0
14.4,0.0
15.0,0.3
15.6,-0.1
15.6,0.3
16.7,0.0
17.2,0.0
17.8,0.0
17.8,0.0
17.2,0.0
17.2,0.0
16.7,0.0
15.6,0.0
15.6,0.0
15.6,0.0
16.1,0.0
16.1,0.0
16.7,0.0
16.1,0.0
16.1,0.0
16.7,0.0
15.0,0.0
15.0,0.0
14.4,0.0
15.0,0.0
15.0,0.0
15.6,0.0
16.1,0.0
16.7,0.0
16.7,0.0
16.1,0.0
15.0,0.0
15.6,0.0
15.6,0.0
16.7,0.0
15.6,0.0
16.1,0.0
18.3,0.0
17.2,0.0
17.8,0.0
18.3,0.0
18.3,0.0
19.4,0.0
20.0,0.0
20.0,0.0
19.4,0.0
19.4,-0.1
19.4,0.3
19.4,0.0
19.4,0.0
18.3,3.8
17.8,6.6
17.2,1.5
17.2,-0.1
16.7,0.0
16.1,0.0
16.7,0.0
17.2,0.0
17.2,0.0
16.7,0.0
17.2,0.0
16.7,0.0
16.7,0.0
17.8,0.0
17.8,0.0
17.8,0.0
17.8,0.0
17.2,0.0
17.2,0.0
16.7,0.0
16.1,0.0
15.6,0.0
15.6,0.0
15.6,0.0
15.6,0.0
16.1,0.0
13.3,0.0
12.8,0.0
12.8,0.0
12.8,0.0
14.4,0.0
13.3,0.0
13.3,0.0
15.6,0.0
14.4,0.0
15.6,0.0
17.8,0.0
17.2,0.0
16.7,0.0
16.1,0.0
15.6,0.0
16.1,0.0
15.6,0.0
15.0,0.0
15.0,0.0
13.9,0.0
13.9,0.0
14.4,0.0
15.6,0.0
16.7,0.0
17.2,0.0
18.3,0.0
19.4,0.0
20.0,0.0
20.6,0.0
21.1,0.0
20.6,0.0
20.6,0.0
20.6,0.0
20.0,0.0
18.9,0.0
19.4,0.0
19.4,0.0
20.0,0.0
20.6,0.0
20.0,0.0
20.0,0.0
18.9,0.0
18.9,0.0
18.9,0.0
18.9,0.0
18.3,0.0
19.4,0.0
19.4,0.0
20.0,0.0
20.0,0.0
19.4,0.0
18.3,0.0
18.3,0.0
17.8,0.0
17.2,0.0
16.1,0.0
15.6,0.0
14.4,0.0
15.0,0.0
13.9,0.0
13.3,0.0
12.8,0.0
12.8,0.0
12.8,0.0
12.2,0.0
12.2,0.0
11.1,0.0
11.1,0.0
11.1,0.0
11.1,0.0
11.1,0.0
12.2,0.0
13.3,0.0
13.9,0.0
12.2,0.0
8.9,0.0
8.9,0.0
9.4,0.0
8.9,0.0
10.6,0.0
11.7,0.0
11.7,0.0
12.8,0.0
12.2,0.0
13.3,0.0
12.8,0.0
12.8,0.0
12.8,0.0
12.2,0.0
12.2,0.0
12.8,0.0
12.2,0.0
12.2,0.0
11.7,0.0
11.7,0.0
12.2,0.0
12.2,0.0
12.8,0.0
12.8,0.0
12.8,0.0
12.2,0.0
11.7,0.0
12.2,0.0
11.1,0.0
11.1,0.0
11.1,0.0
10.6,0.0
10.6,0.0
10.6,0.0
11.7,0.0
11.7,0.0
11.1,0.0
11.1,0.0
10.6,0.0
10.0,0.0
10.0,0.0
9.4,0.0
9.4,0.0
10.0,0.0
12.2,0.0
13.9,0.0
14.4,0.0
12.8,0.0
12.2,0.0
11.7,0.0
12.8,0.0
13.3,0.0
11.7,0.0
10.6,0.0
11.1,0.0
11.1,0.0
11.7,0.0
10.6,0.0
10.0,0.0
9.4,0.0
10.0,0.0
10.6,0.0
10.6,0.0
11.1,0.0
11.1,0.0
11.7,0.0
11.1,0.0
12.2,0.0
13.3,0.0
13.3,0.0
12.8,0.0
13.3,0.0
13.9,0.0
13.3,0.0
13.3,0.0
12.8,0.0
13.3,0.0
13.9,0.0
12.8,-0.1
12.8,0.0
13.3,-0.1
12.8,-0.1
13.3,0.0
13.9,0.0
13.9,0.0
14.4,-0.1
15.6,-0.1
15.6,0.0
16.1,0.3
16.1,0.8
16.1,0.5
16.7,0.8
16.7,0.2
16.7,2.5
15.6,0.3
16.7,1.3
17.8,0.8
18.3,-0.1
18.3,-0.1
18.3,0.3
18.9,-0.1
18.9,-0.1
18.9,-0.1
18.9,-0.1
18.9,-0.1
18.3,-0.1
17.8,0.0
17.8,0.0
17.8,0.0
17.2,0.0
15.6,0.0
15.0,0.0
14.4,0.0
15.0,0.0
15.0,0.0
15.0,0.0
15.0,0.0
15.0,0.0
14.4,0.0
14.4,0.0
13.9,0.0
12.8,0.0
12.8,0.0
12.2,0.0
11.1,0.0
11.1,0.0
10.0,0.0
10.0,0.0
10.0,0.0
9.4,0.0
8.9,0.0
10.0,0.0
10.0,0.0
10.0,0.0
9.4,0.0
9.4,0.0
10.6,0.0
10.0,0.0
10.0,0.0
10.0,0.0
10.6,0.0
10.6,0.0
10.0,0.0
9.4,0.0
9.4,0.0
9.4,0.0
9.4,0.0
9.4,0.0
9.4,0.0
8.9,0.0
8.9,0.0
9.4,0.0
10.0,0.0
10.0,0.0
10.0,0.0
10.6,0.0
10.6,0.0
10.0,0.0
9.4,0.0
9.4,0.0
10.0,0.0
10.0,0.0
10.6,0.0
11.7,0.0
11.7,0.0
11.7,0.0
12.2,0.0
14.4,0.0
16.7,0.0
17.2,0.0
18.3,0.0
18.9,0.0
18.9,0.0
17.2,0.0
13.9,0.0
11.1,0.0
8.9,0.0
9.4,0.0
10.0,0.0
10.0,0.0
10.6,0.0
10.6,0.0
10.0,0.0
10.0,0.0
9.4,0.0
9.4,0.0
9.4,0.0
9.4,0.0
10.6,0.0
10.6,0.0
10.0,0.0
8.9,0.0
7.2,0.0
7.8,0.0
7.8,0.0
7.8,0.0
7.8,0.0
8.3,0.0
8.9,0.0
11.1,0.0
11.7,0.0
11.1,0.0
11.1,0.0
10.6,0.0
10.0,0.0
10.0,0.0
9.4,0.0
8.9,0.0
8.9,0.0
8.3,0.0
7.8,0.0
8.3,0.0
10.6,0.0
12.2,0.0
11.1,0.0
10.6,0.0
11.1,0.0
10.0,0.0
9.4,0.0
10.0,-0.1
11.1,-0.1
11.1,-0.1
10.6,0.0
11.1,-0.1
10.0,-0.1
9.4,0.0
11.1,0.0
11.1,0.0
11.1,0.0
11.7,
11.7,0.0
11.7,0.0
11.7,0.0
11.1,0.0
11.7,0.0
11.7,0.0
13.3,0.0
15.0,0.0
15.0,0.0
14.4,0.0
13.9,0.0
13.9,0.0
12.8,0.0
11.1,0.0
13.3,0.0
13.3,0.0
13.3,0.0
13.9,0.0
15.6,0.0
15.6,0.0
15.6,0.0
16.1,0.0
15.0,0.0
14.4,0.0
15.0,0.0
15.0,0.0
15.6,0.0
15.6,0.0
16.1,0.0
16.1,0.0
17.2,0.0
17.2,0.0
17.8,0.0
18.3,0.0
18.3,0.0
18.3,0.0
18.3,0.0
18.3,0.0
18.3,0.0
17.8,0.0
18.9,0.0
18.9,0.0
20.6,4.1
18.3,-0.1
18.3,-0.1
17.8,0.0
17.8,0.0
17.8,0.0
18.9,0.0
18.9,-0.1
19.4,3.3
18.9,0.5
18.9,1.0
18.3,-0.1
18.3,-0.1
18.3,0.0
18.9,-0.1
19.4,0.0
19.4,0.0
20.6,-0.1
21.1,0.0
21.7,0.0
18.3,-0.1
16.1,0.0
14.4,0.0
12.8,0.0
12.8,0.0
13.3,0.0
12.8,0.0
12.8,0.0
11.1,0.0
11.1,0.0
11.1,0.0
11.1,0.0
11.1,0.0
11.7,0.0
11.1,0.0
11.7,0.0
12.2,-0.1
10.0,0.0
10.0,0.0
10.0,0.0
9.4,0.0
10.0,0.0
10.0,0.0
10.6,0.0
10.0,0.0
10.0,0.0
10.0,0.0
11.7,0.0
12.8,0.0
11.1,0.0
11.1,0.0
10.6,0.0
10.6,0.0
10.6,0.0
10.0,0.0
9.4,0.0
10.0,0.0
8.9,0.0
8.3,0.0
8.9,0.0
11.7,0.0
11.7,0.0
11.1,0.0
11.1,0.0
11.7,0.0
12.2,0.0
12.8,0.0
12.8,0.0
12.8,0.0
12.8,0.0
12.8,0.0
13.3,0.0
13.9,0.0
13.9,0.0
14.4,0.0
14.4,0.0
14.4,0.0
15.0,-0.1
15.0,0.0
15.0,0.0
15.6,0.0
16.1,0.0
16.7,0.0
16.7,0.0
16.1,0.0
15.0,0.0
14.4,0.0
15.0,0.0
13.3,0.0
12.8,0.0
12.8,0.0
12.8,0.0
13.9,0.0
12.8,0.0
12.8,0.0
12.8,0.0
12.8,0.0
12.2,0.0
12.2,0.0
11.7,0.0
11.7,0.0
11.1,0.0
11.1,0.0
10.0,0.0
10.0,0.0
9.4,0.0
10.6,0.0
11.7,0.0
13.3,0.0
13.9,0.0
14.4,0.0
14.4,0.0
13.3,0.0
12.2,0.0
12.2,0.0
10.6,0.0
11.1,0.0
11.7,0.0
12.2,0.0
12.2,0.0
12.8,0.0
11.7,0.0
11.1,0.0
11.1,0.0
11.1,0.0
10.6,0.0
10.6,0.0
11.1,0.0
11.7,0.0
11.7,0.0
11.7,0.0
11.1,0.0
10.6,0.0
10.6,0.0
11.1,0.0
11.7,0.0
11.7,0.0
11.7,0.0
12.2,0.0
12.2,0.0
12.8,-0.1
12.8,0.0
12.8,0.0
12.2,0.0
12.2,0.0
12.2,0.5
11.7,-0.1
11.7,0.0
11.7,0.0
12.2,0.0
12.2,0.0
12.8,0.0
12.8,0.0
12.2,-0.1
12.8,0.0
12.8,-0.1
13.3,0.0
13.9,0.0
14.4,-0.1
15.0,-0.1
15.6,0.0
16.1,0.0
16.1,0.0
16.7,0.0
17.2,0.0
17.2,0.0
16.7,-0.1
17.2,0.3
17.2,0.0
17.2,0.0
17.2,0.0
17.8,-0.1
17.8,3.3
18.3,4.3
18.3,3.8
18.3,5.1
18.3,5.8
18.3,5.6
18.3,0.3
18.3,0.0
19.4,0.0
20.0,0.0
20.6,0.0
21.1,0.0
20.6,-0.1
21.1,0.0
20.0,0.0
20.0,0.0
18.9,0.0
18.9,0.0
17.8,0.0
18.3,0.0
18.9,0.0
18.3,0.0
18.3,0.0
17.8,0.0
17.8,0.0
17.8,0.0
18.3,0.0
18.3,0.0
18.3,0.0
19.4,-0.1
20.0,2.8
20.0,0.0
20.6,0.0
21.7,0.0
22.2,0.0
22.2,0.0
21.7,0.0
21.1,0.0
21.7,0.0
21.7,0.0
21.1,0.0
20.6,0.0
19.4,-0.1
18.3,-0.1
18.3,3.0
17.8,-0.1
16.7,0.0
16.1,0.3
15.6,0.8
15.6,1.0
15.6,0.5
15.6,3.3
15.0,1.5
15.0,2.5
15.0,1.5
15.0,-0.1
15.0,0.0
16.1,-0.1
16.1,-0.1
16.7,-0.1
17.2,-0.1
17.8,-0.1
18.3,-0.1
19.4,-0.1
20.0,0.0
20.0,0.0
20.0,0.0
19.4,0.0
18.9,0.0
18.9,0.8
20.0,11.4
19.4,-0.1
18.9,0.5
18.9,-0.1
19.4,0.0
19.4,0.0
20.0,0.0
19.4,0.0
18.9,0.0
18.3,0.0
17.2,0.0
15.0,0.0
14.4,0.0
13.3,0.0
13.9,0.0
12.2,0.0
11.1,0.0
10.6,0.0
10.6,0.0
10.6,0.0
10.6,0.0
11.1,0.0
11.7,0.0
11.7,0.0
12.8,0.0
12.2,0.0
11.7,0.0
11.7,0.0
11.7,0.0
11.1,0.0
10.6,0.0
10.6,0.0
10.6,0.0
8.9,0.0
11.7,0.0
10.6,0.0
11.1,0.0
11.1,0.0
12.2,0.0
12.8,0.0
13.3,0.0
14.4,0.0
15.6,0.0
16.1,0.0
15.6,0.0
15.6,0.0
15.6,0.0
16.1,0.0
16.1,0.0
16.1,0.0
15.6,0.0
16.1,0.0
16.1,0.0
16.1,-0.1
16.7,-0.1
17.2,-0.1
17.2,0.3
16.7,-0.1
17.2,0.0
18.3,0.0
18.3,0.0
18.3,0.0
18.9,0.0
19.4,0.0
19.4,0.0
19.4,0.0
20.0,0.0
20.0,0.0
20.0,0.0
20.0,0.0
19.4,0.0
18.3,0.0
17.2,0.0
16.7,0.0
16.1,0.0
16.7,0.0
16.7,0.0
16.1,0.0
15.6,0.0
15.6,0.0
15.6,0.0
15.6,0.0
16.1,0.0
17.2,0.0
18.3,0.0
18.9,0.0
18.9,0.0
17.8,0.0
16.1,0.0
15.0,0.0
15.0,0.0
16.1,0.0
16.7,0.0
16.7,0.0
17.2,0.0
16.7,0.0
16.7,0.0
16.7,0.0
15.0,0.0
15.6,0.0
15.0,0.0
14.4,0.0
14.4,0.0
14.4,0.0
15.6,0.0
15.0,0.0
15.6,0.0
16.1,0.0
16.7,0.0
16.7,0.0
17.2,0.0
17.2,0.0
17.8,0.0
17.8,0.0
18.3,0.0
18.3,0.0
18.9,0.0
18.3,0.0
17.8,0.0
17.8,0.0
17.2,0.0
16.7,0.0
16.1,0.0
15.0,0.0
14.4,0.0
15.0,0.0
15.0,0.0
15.6,0.0
15.6,0.0
15.0,0.0
15.6,0.0
15.6,0.0
16.1,0.0
17.2,0.0
17.8,0.0
18.3,0.0
18.9,0.0
18.9,0.0
18.3,0.0
18.3,0.0
18.9,0.0
18.9,0.0
18.3,0.0
18.3,0.0
18.3,0.0
18.9,0.0
18.3,0.0
17.8,0.0
17.2,0.0
16.7,0.0
16.7,0.0
16.1,0.0
16.1,0.0
16.1,0.0
16.1,0.0
16.7,0.0
17.8,-0.1
18.3,1.5
18.9,0.8
18.9,-0.1
19.4,0.0
19.4,0.0
18.9,-0.1
18.9,0.0
18.9,0.0
19.4,0.0
18.9,0.0
18.9,0.0
18.3,0.0
17.8,0.0
16.7,0.0
16.7,0.0
16.1,0.0
15.6,0.0
15.6,0.0
15.6,0.0
15.0,0.0
15.0,0.0
16.7,0.0
18.3,0.0
18.9,0.0
18.9,0.0
19.4,0.0
20.0,0.0
20.6,0.0
21.1,0.0
21.1,0.0
21.1,0.0
21.1,0.0
21.1,0.0
21.1,0.0
21.1,0.0
20.6,0.0
20.0,0.0
20.0,0.0
20.0,0.0
19.4,0.0
19.4,0.0
19.4,0.0
19.4,0.0
19.4,0.0
19.4,0.0
19.4,0.0
20.0,0.0
20.0,0.0
20.0,0.0
20.6,-0.1
20.6,-0.1
20.6,-0.1
20.6,-0.1
21.1,0.5
21.1,-0.1
21.1,-0.1
21.7,0.3
21.7,0.0
21.1,0.0
21.1,0.0
20.6,0.0
20.6,0.0
20.6,0.0
20.6,0.0
20.0,0.0
20.6,-0.1
20.6,0.5
21.1,0.5
21.1,8.4
18.3,22.6
18.3,6.1
18.3,1.8
18.3,3.6
17.8,0.8
18.9,-0.1
18.3,-0.1
17.8,0.5
17.8,0.5
17.8,-0.1
18.3,0.0
18.3,0.0
18.3,0.0
18.3,0.0
16.7,0.0
15.0,0.0
15.0,-0.1
14.4,0.3
12.2,0.0
11.7,0.0
11.1,0.0
11.1,0.0
11.1,0.0
11.1,0.0
11.7,0.0
11.7,0.0
12.2,0.0
12.2,0.0
11.7,0.0
10.6,0.0
10.6,0.0
9.4,0.0
9.4,0.0
9.4,0.0
9.4,0.0
11.1,0.0
12.2,0.0
12.2,0.0
12.2,0.0
12.2,0.0
11.7,0.0
11.7,0.0
11.1,0.0
11.1,0.0
11.1,0.0
11.1,0.0
12.8,0.0
12.8,0.0
13.9,0.0
15.0,0.0
15.0,0.0
16.1,0.0
15.0,0.0
14.4,0.0
11.7,0.0
11.7,0.0
10.6,0.0
11.1,0.0
11.1,0.0
10.6,0.0
11.1,0.0
12.2,0.0
12.2,0.0
12.2,0.0
12.2,0.0
12.2,0.0
13.3,-0.1
13.9,-0.1
14.4,0.0
14.4,0.0
15.0,0.0
15.6,0.0
16.1,0.0
16.7,0.0
15.6,0.0
13.9,0.0
12.2,0.0
11.7,0.0
11.1,0.0
8.3,0.0
8.3,0.0
8.9,0.0
9.4,0.0
8.3,0.0
8.3,0.0
8.3,0.0
8.9,0.0
8.3,0.0
8.3,0.0
7.8,0.0
7.2,0.0
7.2,0.0
7.2,0.0
7.2,0.0
7.2,0.0
7.8,0.0
7.8,0.0
7.8,0.0
7.8,0.0
7.8,0.0
5.6,0.0
5.0,0.0
5.6,0.0
5.0,0.0
5.0,0.0
5.6,0.0
5.0,0.0
7.8,0.0
8.3,0.0
10.0,0.0
7.8,0.0
8.3,0.0
8.9,-0.1
8.3,0.0
8.3,0.0
7.8,0.0
7.8,0.0
8.3,0.0
8.3,0.0
8.9,-0.1
8.9,0.0
8.9,-0.1
11.1,0.3
12.2,-0.1
13.9,0.0
15.0,0.0
15.6,-0.1
16.1,-0.1
16.7,0.3
16.7,-0.1
17.2,0.3
16.7,6.1
16.1,0.5
15.6,0.3
15.6,-0.1
14.4,0.0
14.4,0.0
13.9,0.0
13.9,0.0
13.9,0.0
14.4,0.0
13.3,0.0
11.7,0.0
11.7,0.0
12.2,0.0
12.2,0.0
12.2,0.0
11.7,0.0
10.6,0.0
10.0,0.0
10.0,0.0
10.0,0.0
8.9,0.0
9.4,0.0
8.9,0.0
7.8,0.0
8.3,0.0
5.6,0.0
6.1,0.0
6.7,0.0
7.2,0.0
8.3,0.3
9.4,2.0
10.0,1.3
10.6,3.3
11.1,6.4
11.7,2.8
12.2,1.5
12.2,4.1
12.2,0.3
12.2,-0.1
12.8,0.8
13.3,0.3
13.3,-0.1
13.3,0.3
14.4,-0.1
14.4,-0.1
14.4,-0.1
14.4,-0.1
15.0,0.0
15.0,0.0
15.6,-0.1
15.6,-0.1
15.6,-0.1
15.6,0.0
15.6,0.0
16.1,0.0
16.7,0.0
16.7,-0.1
17.2,-0.1
17.8,0.0
18.3,0.0
18.3,0.0
18.9,0.0
20.0,0.3
20.6,0.0
20.6,0.0
21.1,0.0
21.1,0.0
21.1,0.0
21.1,0.0
21.1,0.0
21.1,0.0
21.1,0.0
21.1,0.0
20.6,0.0
20.0,0.0
20.0,0.0
20.0,0.0
20.0,0.0
20.0,0.0
20.0,0.0
19.4,-0.1
20.0,0.5
20.0,0.3
20.0,-0.1
20.0,-0.1
20.0,-0.1
20.0,0.3
20.0,18.8
20.6,1.5
20.6,5.1
21.1,-0.1
21.1,0.0
21.1,0.0
21.1,0.0
21.7,0.0
21.7,-0.1
21.7,0.0
20.0,15.0
17.8,15.0
16.1,3.8
16.1,0.8
15.6,-0.1
14.4,0.3
12.8,10.2
12.2,5.8
12.2,3.6
11.1,-0.1
10.6,-0.1
10.0,0.3
10.6,-0.1
10.6,-0.1
10.6,-0.1
11.1,0.0
10.6,0.0
11.1,0.0
11.1,0.3
11.7,0.5
11.1,0.3
11.1,0.3
10.6,0.5
10.6,0.8
10.6,0.8
10.6,0.5
11.1,0.3
11.7,0.0
12.2,0.0
12.2,0.3
12.2,-0.1
12.2,0.3
12.2,0.0
12.2,-0.1
11.7,0.3
11.7,0.0
10.6,0.0
10.0,-0.1
9.4,0.0
9.4,0.0
8.3,0.0
7.2,0.0
6.7,0.0
6.7,0.0
5.6,0.0
5.0,0.0
5.6,0.0
5.6,0.0
4.4,0.0
4.4,0.0
3.9,0.0
3.9,0.0
4.4,0.0
4.4,0.0
4.4,0.0
4.4,0.0
5.0,0.0
5.0,0.0
5.0,0.0
5.0,0.0
6.1,0.0
6.1,0.0
5.0,0.0
5.6,0.0
5.6,0.0
5.0,0.0
5.6,0.0
5.0,0.0
5.6,0.0
5.6,0.0
6.7,0.0
6.1,0.0
6.1,0.0
6.7,0.0
6.1,0.0
5.6,0.0
5.6,0.0
6.1,0.0
6.1,0.0
6.7,0.0
6.7,0.0
6.7,-0.1
7.2,0.0
7.8,0.0
7.8,-0.1
7.8,-0.1
7.2,0.0
8.3,-0.1
9.4,1.8
10.6,6.9
10.6,2.5
10.0,2.0
10.6,-0.1
10.6,-0.1
11.7,-0.1
11.7,-0.1
12.2,0.3
12.2,0.0
12.2,-0.1
10.0,0.0
7.2,0.0
7.8,0.0
6.7,0.0
6.7,0.0
6.7,0.0
6.7,0.0
6.7,0.0
7.2,0.0
7.2,0.0
7.8,0.0
7.2,0.0
6.1,0.0
6.1,0.0
5.0,0.0
5.0,0.0
5.0,0.0
4.4,0.0
5.6,0.0
6.1,0.0
7.2,0.0
7.2,0.0
7.2,0.0
7.2,0.0
6.1,0.0
5.0,0.0
5.0,0.0
4.4,0.0
4.4,0.0
5.6,0.0
4.4,0.0
3.9,0.0
4.4,0.0
5.0,0.0
5.6,0.0
6.7,0.0
5.0,0.0
4.4,0.0
2.8,0.0
3.9,0.0
3.3,0.0
4.4,0.0
3.9,0.0
6.7,0.0
6.7,0.0
6.7,0.0
6.7,0.0
6.7,0.0
6.1,0.0
6.1,0.0
5.0,0.0
5.0,0.0
4.4,0.0
4.4,0.0
4.4,0.0
3.9,0.0
5.0,0.0
6.7,0.0
7.2,0.0
6.7,0.0
5.6,0.0
5.0,0.0
5.0,0.0
4.4,0.0
3.9,0.0
5.0,0.0
5.6,0.0
5.6,0.0
6.1,0.0
5.6,0.0
5.6,0.0
5.6,0.0
6.1,0.0
6.1,0.0
6.1,0.0
6.1,0.0
6.1,0.0
6.1,0.0
6.1,0.0
5.6,0.0
6.1,0.0
6.7,0.0
7.2,0.0
6.7,0.0
7.2,0.0
6.1,0.0
5.6,0.0
5.6,0.0
5.6,0.0
6.1,0.0
6.7,0.0
7.8,0.0
7.2,0.0
7.2,0.0
7.8,0.0
7.8,0.0
8.3,0.0
8.3,0.0
8.3,0.0
9.4,0.0
9.4,0.0
8.9,0.0
8.3,0.0
9.4,0.0
9.4,0.0
10.6,0.0
11.7,-0.1
12.2,0.0
13.3,0.0
13.3,0.0
13.3,0.0
13.9,0.0
13.3,0.0
16.1,0.5
15.6,0.3
15.6,0.3
15.0,0.0
15.6,0.8
15.6,0.0
15.6,0.0
15.6,0.0
16.1,0.0
16.1,0.0
16.7,3.8
16.7,0.3
17.2,0.5
17.2,0.3
15.0,0.3
10.6,0.8
6.7,1.3
6.1,2.5
5.0,0.5
3.3,0.0
2.8,-0.1
2.2,-0.1
0.6,0.0
-0.6,0.0
-1.7,0.0
-3.3,0.0
-2.8,0.0
-5.0,0.0
-4.4,0.0
-3.9,0.0
-3.9,0.0
-4.4,0.0
-3.9,0.0
-4.4,0.0
-5.0,0.0
-4.4,0.0
-4.4,0.0
-4.4,0.0
-4.4,0.0
-3.9,0.0
-4.4,0.0
-4.4,0.0
-5.6,0.0
-5.0,0.0
-4.4,0.0
-4.4,0.0
-3.9,0.0
-3.9,0.0
0.0,0.0
1.1,-0.1
0.6,0.3
0.6,-0.1
0.6,-0.1
0.6,-0.1
0.6,0.0
0.0,0.0
0.0,-0.1
0.6,0.5
0.6,0.3
0.0,-0.1
0.0,0.0
0.0,0.0
0.0,0.0
-0.6,0.0
-1.1,0.0
-1.1,0.0
-1.1,0.0
-1.1,0.0
-1.1,0.0
-1.1,0.0
-0.6,0.0
-0.6,0.0
-0.6,0.0
-0.6,0.0
-0.6,0.0
0.0,0.0
-0.6,0.0
-0.6,0.0
-1.1,0.0
-1.1,0.0
-1.1,0.0
-1.1,0.0
-1.1,0.0
-1.1,0.0
-1.1,0.0
-1.1,0.0
-1.1,0.0
-0.6,0.0
0.0,0.0
0.0,0.0
-0.6,0.0
-2.2,0.0
-2.2,0.0
-1.7,0.0
-1.1,0.0
-0.6,0.0
-1.1,0.0
-1.1,0.0
-0.6,0.0
0.6,0.0
0.6,0.0
1.7,0.0
0.6,0.0
0.6,0.0
1.1,0.0
1.1,0.0
1.1,0.0
1.7,0.0
2.2,0.0
2.2,-0.1
2.2,0.0
3.9,0.5
4.4,-0.1
5.0,0.0
6.1,0.0
7.8,0.0
7.8,0.0
8.9,0.0
8.9,0.0
7.8,0.0
6.1,0.0
5.0,0.0
4.4,0.0
3.9,-0.1
2.8,-0.1
1.7,0.0
1.7,0.0
2.2,-0.1
2.2,-0.1
2.2,0.0
2.8,-0.1
2.2,0.0
2.2,0.0
2.2,0.0
1.7,0.0
1.7,0.0
1.7,0.0
2.2,0.0
1.7,0.0
2.2,0.0
1.7,0.0
1.1,0.0
1.7,0.0
1.1,0.0
1.7,0.0
1.1,0.0
1.1,0.0
1.7,0.0
1.1,0.0
1.1,0.0
1.1,0.0
1.1,0.0
1.1,0.0
1.7,0.0
1.7,0.0
2.2,0.0
2.2,0.0
2.8,0.0
2.8,0.0
3.3,0.0
3.9,0.0
3.9,0.0
4.4,0.0
2.8,0.0
2.2,0.0
2.8,0.0
2.8,0.0
2.8,0.0
2.2,0.0
1.7,0.0
2.8,0.0
2.8,0.0
2.2,0.0
1.7,0.0
1.7,0.0
1.1,0.0
1.1,0.0
0.6,0.0
0.6,0.0
-0.6,0.0
1.1,0.0
2.2,0.0
2.8,0.0
2.8,0.0
3.3,0.0
3.9,0.0
3.9,0.0
3.9,0.0
3.9,0.0
4.4,0.0
3.9,0.0
3.9,0.0
4.4,0.0
4.4,0.0
4.4,0.0
3.9,0.0
3.9,0.0
3.9,0.0
3.9,0.0
3.9,0.0
3.9,
3.9,0.0
3.9,0.0
4.4,0.0
4.4,0.0
4.4,0.0
4.4,0.0
5.0,0.0
5.0,0.0
5.6,0.0
6.1,0.0
6.7,0.0
7.2,0.0
7.2,0.0
7.8,0.0
8.3,0.0
8.3,0.0
9.4,-0.1
10.0,-0.1
10.0,0.3
9.4,
9.4,
9.4,
9.4,
8.9,
8.3,0.0
7.8,0.0
8.3,0.0
8.3,0.0
8.3,0.0
7.8,0.0
7.8,0.0
8.3,0.0
8.3,0.0
8.3,0.0
9.4,0.0
8.9,0.0
8.9,0.0
7.8,0.0
5.6,0.0
7.2,0.0
7.2,0.0
7.2,0.0
6.1,
5.6,
5.0,
4.4,
5.0,
5.6,
6.7,0.0
7.2,0.0
7.8,0.0
7.8,0.0
8.3,0.0
8.9,0.0
9.4,-0.1
10.6,1.3
11.1,0.8
11.7,-0.1
12.8,2.3
13.9,0.5
12.8,0.3
8.3,0.0
7.8,0.0
4.4,0.0
5.0,-0.1
6.1,-0.1
3.9,
3.3,
3.3,
4.4,0.0
4.4,0.0
5.0,-0.1
4.4,0.3
5.0,-0.1
5.0,-0.1
5.0,-0.1
4.4,-0.1
4.4,0.3
4.4,0.0
4.4,-0.1
3.9,-0.1
3.3,0.0
2.8,0.0
2.8,0.0
2.8,-0.1
2.8,-0.1
2.2,0.0
2.2,-0.1
2.2,-0.1
2.2,-0.1
1.1,
0.6,
-1.1,
-1.7,
-1.1,
0.0,
-0.6,0.0
-0.6,0.0
0.0,0.0
-0.6,0.0
-1.1,0.0
-1.1,0.0
-1.1,0.0
-1.1,0.0
-1.1,0.0
-1.1,0.0
-2.2,0.0
-2.8,0.0
-2.2,0.0
-2.2,0.0
-2.2,0.0
-1.1,0.0
-0.6,-0.1
2.2,0.3
3.3,2.2
3.3,0.7
3.3,0.2
3.9,-0.1
3.3,
3.3,
2.8,0.0
2.2,0.0
2.2,0.0
2.2,0.0
1.7,0.0
0.6,0.0
0.0,0.0
0.6,0.0
1.1,0.0
0.0,0.0
-0.6,0.0
-0.6,0.0
0.0,0.0
-0.6,0.0
-1.1,0.0
-1.1,0.0
-1.1,0.0
0.6,0.0
0.6,
0.6,0.0
-0.6,0.0
-1.1,0.0
-1.7,0.0
-1.7,0.0
-1.7,0.0
-2.2,0.0
-2.2,0.0
-2.8,0.0
-2.8,0.0
-3.3,0.0
-3.9,0.0
-2.8,0.0
-0.6,0.0
-2.8,0.0
-2.8,0.0
-3.3,
-3.3,
-6.7,0.0
-5.0,0.0
-4.4,0.0
-3.9,0.0
-2.8,0.0
-2.2,0.0
-2.8,0.0
-2.8,0.0
-2.8,0.0
-2.8,0.0
-2.8,0.0
-2.2,0.0
-2.2,0.0
-3.3,0.0
-2.8,0.0
-2.2,0.0
-2.8,0.0
-2.8,0.0
-1.1,0.0
-0.6,
1.1,
2.2,
2.2,0.0
1.7,0.0
1.1,0.0
0.6,0.0
2.2,0.0
3.3,-0.1
3.9,0.3
4.4,0.8
4.4,1.0
4.4,1.0
4.4,1.3
4.4,2.5
4.4,0.7
3.9,-0.1
3.3,
2.8,
1.7,
1.1,
0.6,
0.6,
1.7,
1.7,
1.7,
1.7,
1.7,
1.7,
3.3,
3.3,
3.9,
4.4,
5.0,
3.9,0.0
4.4,0.0
3.9,0.0
3.3,
2.8,0.0
2.2,
1.7,0.0
2.2,0.0
2.2,0.0
2.2,0.0
1.7,0.0
0.6,0.0
0.6,0.0
0.6,0.0
0.0,0.0
0.6,0.0
0.6,0.0
1.1,0.0
1.1,0.0
0.6,0.0
0.6,0.0
0.6,0.0
0.0,0.0
-0.6,0.0
-1.7,
-1.7,
-2.8,
-3.9,-0.1
-0.6,1.0
-1.1,2.2
-1.1,2.3
-1.1,1.3
-1.7,0.3
-2.2,-0.1
-2.2,0.0
-2.8,0.0
-3.3,0.0
-3.3,0.0
-3.3,0.0
-2.8,0.0
-3.9,0.0
-4.4,0.0
-3.9,0.0
-3.9,0.0
-3.9,0.0
-3.9,0.0
-3.3,0.0
-2.2,0.0
-2.8,0.0
-3.3,0.0
-3.3,0.0
-3.3,0.0
-3.9,0.0
-4.4,0.0
-4.4,0.0
-4.4,0.0
-4.4,0.0
-4.4,0.0
-4.4,0.0
-5.0,0.0
-5.0,0.0
-4.4,0.0
-4.4,0.0
-4.4,0.0
-4.4,0.0
-5.6,0.0
-5.6,0.0
-6.1,0.0
-5.6,0.0
-6.7,0.0
-6.1,0.0
-6.1,0.0
-3.3,-0.1
-2.8,0.8
-2.8,0.3
-2.8,0.5
-3.3,0.5
-3.3,0.8
-3.9,0.2
-3.9,0.5
-3.9,0.3
-3.9,0.3
-4.4,-0.1
-4.4,-0.1
-4.4,0.8
-3.9,0.5
-4.4,0.8
-4.4,0.5
-3.9,-0.1
-3.9,-0.1
-3.9,0.3
-4.4,-0.1
-6.7,0.0
-7.8,0.0
-7.8,0.0
-7.8,0.0
-7.8,0.0
-7.8,0.0
-7.8,0.0
-7.8,0.0
-7.8,0.0
-7.8,0.0
-8.3,0.0
-8.3,0.0
-7.8,0.0
-7.8,0.0
-7.2,0.0
-7.2,0.0
-6.7,0.0
-6.7,0.0
-6.1,0.0
-5.6,0.0
-5.0,0.0
-5.0,0.0
-4.4,0.0
-3.9,0.0
-3.3,0.0
-3.9,0.0
-1.7,-0.1
-0.6,0.5
,0.8
0.0,0.3
0.0,-0.1
0.6,0.0
0.6,0.0
0.6,0.0
0.6,0.0
0.6,0.0
1.1,-0.1
0.6,0.0
-0.6,0.0
-0.6,0.0
-0.6,0.0
-0.6,-0.1
-0.6,-0.1
-2.2,0.0
-2.2,0.0
-1.7,0.0
-1.7,-0.1
-2.2,-0.1
-1.7,-0.1
-3.3,0.0
-5.0,0.0
-3.9,0.0
-4.4,0.0
-3.9,0.0
-3.3,0.0
-4.4,0.0
-5.0,0.0
-5.0,0.0
-4.4,0.0
-4.4,0.0
-3.9,0.0
-3.9,0.0
-3.3,0.0
-3.3,0.0
-4.4,0.0
-2.8,0.0
-3.3,0.0
-2.2,0.0
-0.6,0.0
-0.6,0.0
0.0,0.0
0.6,0.0
-0.6,0.0
-0.6,0.0
0.0,0.0
0.0,0.0
1.7,-0.1
2.8,0.5
3.3,0.5
3.3,0.5
3.3,1.0
3.3,0.8
3.3,1.0
3.3,1.0
3.9,0.3
3.9,-0.1
3.9,0.0
3.3,0.0
3.3,0.0
3.9,0.0
3.9,0.0
3.9,0.0
2.2,0.0
1.7,0.0
1.7,0.0
0.0,0.0
-1.7,0.0
-2.2,0.0
-2.8,0.0
-2.2,0.0
-1.7,0.0
-1.7,0.0
-0.6,-0.1
-1.7,0.0
-1.7,0.0
-1.7,0.0
-2.2,0.0
-2.8,0.0
-3.3,0.0
-3.9,0.0
-4.4,0.0
-4.4,0.0
-5.6,0.0
-6.7,0.0
-7.2,0.0
-7.8,0.0
-7.2,0.0
-8.3,0.0
-7.8,0.0
-10.0,0.0
-9.4,0.0
-10.6,0.0
-10.6,0.0
-10.0,0.0
-10.0,0.0
-8.9,0.0
-8.9,0.0
-8.3,0.0
-8.3,0.0
-5.6,-0.1
-4.4,0.3
-3.9,0.3
-3.3,-0.1
-3.3,1.0
-2.8,0.8
-3.3,0.8
-3.3,0.3
-2.8,0.3
-2.8,1.3
-2.8,1.0
-2.8,0.3
-2.8,0.0
-3.3,0.0
-3.3,0.0
-3.9,0.0
-3.3,0.3
-3.3,0.3
-4.4,0.5
-3.9,0.3
-4.4,-0.1
-6.1,0.0
-7.2,0.0
-8.3,0.0
-8.9,0.0
-9.4,0.0
-11.7,0.0
-12.8,0.0
-12.8,0.0
-13.3,0.0
-13.3,0.0
-13.9,0.0
-13.3,0.0
-13.3,0.0
-13.9,0.0
-14.4,0.0
-13.9,0.0
-13.9,0.0
-14.4,0.0
-15.0,0.0
-14.4,0.0
-15.0,0.0
-14.4,0.0
-14.4,0.0
-13.9,0.0
-14.4,0.0
-14.4,0.0
-14.4,0.0
-14.4,0.0
-15.0,0.0
-14.4,0.0
-15.0,0.0
-14.4,0.0
-14.4,0.0
-15.0,0.0
-15.0,0.0
-13.3,0.0
-11.7,0.0
-13.3,0.0
-13.9,0.0
-13.3,0.0
-12.8,0.0
-12.2,0.0
-11.1,0.0
-10.6,0.0
-10.6,0.0
-10.0,0.0
-10.0,0.0
-10.0,0.0
-10.0,0.0
-10.0,0.0
-10.0,0.0
-9.4,0.0
-8.9,0.0
-8.3,0.0
-8.3,0.0
-7.8,0.0
-7.8,0.0
-7.8,0.0
-7.2,0.0
-6.7,0.0
-6.1,0.0
-5.6,0.0
-5.6,0.0
-5.0,0.0
-4.4,0.0
-3.3,0.0
-3.3,0.0
-2.8,0.0
-2.2,0.0
-1.7,0.0
-0.6,-0.1
0.6,0.3
0.6,0.0
0.0,0.0
0.0,0.0
-0.6,0.0
-0.6,0.0
-0.6,0.0
0.0,0.0
0.0,0.0
0.6,0.0
0.0,0.0
0.0,0.0
-1.1,0.0
-1.1,0.0
-1.7,0.0
-2.2,0.0
-2.2,0.0
-2.2,0.0
-3.3,0.0
-3.9,0.0
-3.3,0.0
-3.9,0.0
-3.9,0.0
-3.3,-0.1
-2.2,-0.1
-3.9,0.3
-4.4,-0.1
-5.6,-0.1
-5.6,-0.1
-6.1,0.3
-6.7,0.3
-7.8,0.3
-8.3,-0.1
-9.4,0.3
-9.4,0.5
-10.0,0.3
-10.0,0.8
-9.4,0.5
-9.4,-0.1
-10.6,-0.1
-11.7,-0.1
-13.9,-0.1
-15.0,0.0
-14.4,0.0
-16.1,0.0
-16.1,0.0
-16.7,0.0
-16.1,0.0
-18.3,0.0
-17.2,0.0
-16.7,0.0
-17.2,0.0
-17.2,0.0
-17.8,0.0
-18.3,0.0
-18.9,0.0
-18.9,0.0
-19.4,0.0
-19.4,0.0
-19.4,0.0
-18.9,0.0
-18.9,0.0
-18.3,0.0
-18.9,0.0
-18.9,0.0
-18.3,0.0
-18.9,0.0
-19.4,0.0
-18.3,0.0
-18.3,0.0
-17.8,0.0
-18.3,0.0
-18.3,0.0
-17.8,0.0
-18.3,0.0
-17.8,0.0
-17.8,0.0
-17.2,0.0
-17.2,0.0
-16.1,0.0
-16.1,0.0
-15.6,0.0
-15.0,0.0
-14.4,0.0
-13.9,0.0
-13.3,0.0
-12.8,-0.1
-12.8,0.0
-12.2,0.0
-12.2,0.0
-11.7,-0.1
-11.7,-0.1
-10.6,-0.1
-10.0,-0.1
-8.3,-0.1
-8.3,-0.1
-7.8,0.3
-7.2,-0.1
-6.7,-0.1
-6.7,-0.1
-7.8,0.0
-8.3,0.0
-7.2,0.0
-6.7,0.0
-6.1,0.0
-6.1,0.0
-6.7,0.0
-6.7,0.0
-8.3,0.0
-9.4,-0.1
-9.4,-0.1
-9.4,-0.1
-8.9,-0.1
-8.9,0.0
-8.3,0.0
-8.3,0.0
-8.3,0.0
-8.3,0.0
-7.8,0.0
-7.2,0.0
-7.2,0.0
-7.8,0.0
-8.3,0.0
-7.8,0.0
-8.3,0.0
-7.2,0.0
-8.3,0.0
-8.3,0.0
-8.3,0.0
-7.8,0.0
-7.2,0.0
-7.2,0.0
-6.7,0.0
-5.6,0.0
-4.4,0.0
-3.3,0.0
-3.3,0.0
-3.3,0.0
-3.3,0.0
-3.3,0.0
-3.3,0.0
-3.9,0.0
-3.9,0.0
-3.9,0.0
-3.9,0.0
-4.4,0.0
-5.6,0.0
-5.6,0.0
-4.4,0.0
-5.0,0.0
-5.0,0.0
-5.6,0.0
-5.6,0.0
-6.1,0.0
-6.1,0.0
-6.1,0.0
-3.9,0.0
-2.2,0.0
-2.2,0.0
-2.2,0.0
-2.2,0.0
-2.2,0.0
-2.8,0.0
-2.8,0.0
-2.2,0.0
-2.8,0.0
-2.8,0.0
-2.8,0.0
-3.9,0.0
-3.3,0.0
-2.8,0.0
-2.8,0.0
-2.8,0.0
-2.8,0.0
-2.8,0.0
-2.8,0.0
-2.8,0.0
-2.8,0.0
-2.8,0.0
-3.3,0.0
-2.8,0.0
-2.8,0.0
-2.2,-0.1
-1.7,-0.1
-1.7,0.0
-1.7,0.0
-1.1,-0.1
-0.6,0.5
0.0,0.8
-0.6,0.5
-0.6,0.8
0.0,0.3
0.0,0.3
0.0,-0.1
0.0,0.0
0.0,0.0
0.0,0.0
0.0,-0.1
0.6,0.0
0.0,0.0
0.0,0.0
0.0,0.0
0.0,0.0
0.0,0.0
0.0,0.0
-0.6,0.0
-0.6,0.0
-1.1,0.0
-1.1,0.0
-1.1,0.0
-0.6,0.0
-0.6,0.0
-1.1,0.0
-1.7,0.0
-1.1,0.0
-1.1,0.0
-1.1,0.0
-1.7,0.0
-1.7,0.0
-1.7,0.0
-1.1,0.0
-1.7,0.0
-1.7,0.0
-1.1,0.0
-1.1,0.0
-1.1,0.0
-1.1,0.0
-0.6,0.0
-0.6,0.0
-1.1,-0.1
-0.6,0.0
0.0,0.0
-0.6,0.0
0.0,-0.1
0.0,-0.1
0.6,0.0
0.6,0.0
0.6,0.0
1.1,0.0
1.1,0.0
1.1,0.0
1.7,0.0
1.7,0.0
1.7,0.0
1.7,0.0
2.2,0.0
2.2,0.0
2.2,0.0
2.2,0.0
2.2,0.0
2.2,0.0
2.2,0.0
2.8,0.0
2.8,0.0
2.2,0.0
2.8,0.0
3.3,0.0
3.9,0.0
3.9,0.0
3.9,0.0
3.9,0.0
3.3,0.0
2.8,0.0
3.3,0.0
3.3,0.0
3.3,0.0
3.3,0.0
3.3,0.0
3.9,1.3
4.4,0.5
4.4,1.0
4.4,1.0
5.0,4.3
5.6,5.1
6.1,0.3
7.2,-0.1
7.2,0.3
8.3,-0.1
8.9,-0.1
9.4,0.3
10.0,0.3
6.7,-0.1
4.4,0.0
3.3,0.0
1.1,0.0
0.0,0.0
-0.6,0.0
-1.7,0.0
-2.8,0.0
-2.2,0.0
-2.8,0.0
-3.9,0.0
-5.6,
-5.6,0.0
-6.1,0.0
-6.7,0.0
-7.8,0.0
-7.8,0.0
-7.8,-0.1
-8.3,-0.1
-8.9,0.0
-8.9,0.0
-8.3,0.0
-7.2,0.0
-7.8,0.0
-6.7,0.0
-7.2,0.0
-7.2,0.0
-7.2,0.0
-6.7,0.0
-6.1,0.0
-6.1,0.0
-5.6,0.0
-5.6,0.0
-6.1,0.0
-6.1,0.0
-6.7,0.0
-6.1,0.0
-5.6,0.0
-6.1,0.0
-6.1,0.0
-6.1,0.0
-6.1,0.0
-6.1,0.0
-6.1,0.0
-6.1,0.0
-5.0,0.0
-6.7,0.0
-7.8,0.0
-7.8,0.0
-7.8,0.0
-6.1,0.0
-4.4,0.0
-2.8,0.0
-2.2,0.0
-2.8,0.0
-2.8,0.0
-2.2,0.0
-2.2,0.0
-2.2,0.0
-2.2,0.0
-2.2,0.0
-1.7,0.0
-1.1,0.0
-1.7,0.0
-1.7,0.0
-1.7,0.0
-1.7,0.0
-1.1,0.0
-0.6,0.0
0.0,0.0
-0.6,0.0
-0.6,0.0
0.0,0.0
0.0,0.0
0.6,-0.1
0.6,0.0
0.6,0.0
0.6,0.0
0.6,0.0
0.6,0.0
0.6,0.0
-1.1,0.0
-1.7,0.0
-2.2,0.0
-2.2,0.0
-3.3,0.0
-2.2,0.0
-1.7,0.0
-0.6,0.0
-0.6,0.0
0.0,0.0
0.6,0.0
1.1,0.0
1.7,0.0
1.7,-0.1
1.7,0.0
1.7,0.0
1.1,0.0
0.6,0.0
0.6,0.0
0.6,0.0
0.6,0.0
0.0,0.0
-0.6,0.0
-1.1,0.0
-1.1,0.0
-1.1,0.0
-1.1,0.0
-1.7,0.0
-2.8,0.0
-3.3,0.0
-2.2,0.0
-1.1,0.0
-1.1,0.0
-1.1,0.0
-1.7,0.0
-0.6,0.0
-0.6,0.0
-1.1,0.0
0.0,0.0
0.0,0.0
0.0,0.0
0.0,0.0
0.0,0.0
1.1,0.3
1.7,0.3
1.7,-0.1
2.2,0.3
2.2,-0.1
3.3,0.5
3.3,0.3
3.9,0.2
4.4,5.3
4.4,6.6
5.0,5.5
5.6,0.2
5.0,0.2
6.1,-0.1
5.0,
2.8,-0.1
0.6,-0.1
0.0,-0.1
0.0,-0.1
0.0,-0.1
-1.7,
-3.3,
-3.9,
-3.9,
-4.4,
-5.0,
-5.0,
-5.6,
-5.6,
-5.6,
-6.1,
-6.1,
-6.1,0.0
-5.6,0.0
-5.6,0.0
-5.6,0.0
-5.0,0.0
-5.0,0.0
-4.4,0.0
-4.4,0.0
-3.9,0.0
-3.9,0.0
-3.3,0.0
-3.3,0.0
-3.3,0.0
-3.3,0.0
-3.3,0.0
-3.3,0.0
-2.8,0.0
-2.8,0.0
-2.8,0.0
-2.8,0.0
-2.8,0.0
-2.8,0.0
-2.8,0.0
-2.8,0.0
-3.3,0.0
-3.3,0.0
-2.8,0.0
-2.8,-0.1
-2.8,0.0
-2.2,-0.1
-2.2,-0.1
-2.2,-0.1
-1.1,-0.1
-1.1,0.0
-0.6,0.0
-0.6,0.0
-0.6,0.0
-0.6,0.0
-0.6,0.0
-0.6,0.0
-0.6,0.0
-1.1,0.0
-1.1,0.0
-1.1,0.0
-0.6,-0.1
0.0,-0.1
0.6,0.0
0.0,0.0
0.6,-0.1
0.6,-0.1
0.6,0.0
0.0,0.0
0.6,-0.1
0.6,1.0
0.6,-0.1
0.6,-0.1
0.6,-0.1
0.6,-0.1
0.6,-0.1
0.6,-0.1
0.6,-0.1
0.6,-0.1
0.6,0.5
0.6,0.3
0.6,-0.1
1.1,0.3
1.0,0.8
1.7,5.6
1.7,0.3
1.7,-0.1
1.7,-0.1
1.7,0.5
1.7,0.0
1.7,0.0
1.7,0.0
1.7,0.0
1.1,0.0
0.6,-0.1
0.6,-0.1
0.6,-0.1
0.0,-0.1
0.0,-0.1
0.0,-0.1
0.0,0.5
0.0,-0.1
-0.6,0.3
-2.2,0.3
-2.8,-0.1
-3.3,-0.1
-3.9,-0.1
-4.4,-0.1
-5.0,-0.1
-4.4,-0.1
-4.4,0.0
-4.4,0.0
-4.4,0.0
-5.6,0.0
-5.6,0.0
-5.0,0.0
-4.4,0.0
-5.6,0.0
-5.6,0.0
-6.1,0.0
-6.1,0.0
-6.1,0.0
-6.1,0.0
-5.6,0.0
-5.6,0.0
-5.0,0.0
-4.4,0.0
-4.4,0.0
-4.4,0.0
-4.4,0.0
-5.0,0.0
-5.0,0.0
-5.0,0.0
-5.0,0.0
-4.4,0.0
-4.4,0.0
-5.0,0.0
-5.0,0.0
-4.4,0.0
-4.4,0.0
-4.4,0.0
-4.4,0.0
-4.4,0.0
-5.0,0.0
-4.4,0.0
-4.4,0.0
-3.9,0.0
-3.3,0.0
-3.3,0.0
-2.2,0.0
-2.2,0.0
-2.2,0.0
-2.2,0.0
-2.2,0.0
-2.2,0.0
-2.2,0.0
-2.2,0.0
-2.2,0.0
-2.8,0.0
-2.8,0.0
-3.3,0.0
-3.3,0.0
-4.4,0.0
-4.4,0.0
-5.0,0.0
-5.0,0.0
-4.4,0.0
-4.4,0.0
-3.9,0.0
-3.9,0.0
-3.3,
-4.4,0.0
-4.4,0.0
-3.9,0.0
-3.9,0.0
-3.9,0.0
-3.3,0.0
-3.9,0.0
-3.9,0.0
-3.9,0.0
-3.9,0.0
-3.9,0.0
-3.9,0.0
-3.9,0.0
-3.9,0.0
-3.9,0.0
-5.0,0.0
-5.6,0.0
-6.1,0.0
-6.1,0.0
-6.7,0.0
-6.7,0.0
-5.0,0.0
-2.8,0.0
-2.2,0.0
-2.2,0.0
-1.7,0.0
-1.7,0.0
-1.1,0.0
-0.6,0.0
0.0,0.0
0.0,0.0
0.0,0.0
0.0,0.0
0.6,0.0
0.6,0.0
-0.6,0.0
-1.1,0.0
0.6,0.0
-0.6,0.0
-1.1,0.0
-2.8,0.0
-2.8,0.0
-3.9,0.0
-4.4,0.0
-5.6,0.0
-6.1,0.0
-6.7,0.0
-6.1,0.0
-6.1,0.0
-6.7,0.0
-7.2,0.0
-7.8,0.0
-7.8,0.0
-9.4,0.0
-8.3,0.0
-6.7,0.0
-7.2,0.0
-7.2,0.0
-7.8,0.0
-7.8,0.0
-7.2,0.0
-7.2,0.0
-7.2,0.0
-6.7,0.0
-6.1,0.0
-6.1,0.0
-6.1,0.0
-6.1,0.0
-6.1,0.0
-6.1,0.0
-5.6,0.0
-4.4,0.0
-4.4,0.0
-4.4,0.0
-3.9,0.0
-3.3,0.0
-3.3,0.0
-2.8,0.0
-2.2,0.0
-2.2,0.0
-2.8,0.0
-3.3,0.0
-3.9,0.0
-3.3,0.0
-2.8,0.0
-2.2,0.0
-2.2,0.0
-2.2,0.0
-2.2,0.0
-1.7,0.0
-1.7,0.0
-1.7,0.0
-1.7,0.0
-1.1,0.0
-1.1,0.0
-0.6,0.0
0.0,0.0
-0.6,0.0
0.0,0.0
0.0,0.0
0.0,0.0
0.0,0.0
-0.6,0.0
-1.7,0.0
-1.7,0.0
-2.2,0.0
-2.8,0.0
-2.8,0.0
-0.6,0.0
0.0,0.0
0.6,0.0
1.7,0.0
2.2,0.0
2.2,0.0
2.2,0.0
2.2,0.3
2.2,-0.1
2.2,0.3
2.2,0.3
2.8,-0.1
2.8,0.0
3.3,0.3
3.9,-0.1
1.7,-0.1
0.6,-0.1
-1.1,-0.1
-3.3,0.0
-5.6,0.0
-7.8,0.0
-8.3,0.0
-8.9,0.0
-9.4,-0.1
-10.0,-0.1
-10.6,-0.1
-11.1,-0.1
-10.6,0.0
-11.1,-0.1
-11.1,-0.1
-12.8,-0.1
-13.9,-0.1
-14.4,0.0
-15.0,-0.1
-15.0,-0.1
-15.6,-0.1
-15.6,-0.1
-16.7,0.0
-17.8,0.0
-19.4,0.0
-18.9,0.0
-20.0,0.0
-18.3,0.0
-17.2,0.0
-16.1,0.0
-16.1,0.0
-16.1,
-17.2,-0.1
-17.8,
-18.3,
-18.3,
-17.2,
-17.2,
-17.2,
-17.2,
-16.7,
-17.2,
-17.2,
-18.3,
-18.9,
-19.4,
-18.3,
-18.3,
-18.9,
-18.9,
-18.9,
-18.3,
-17.2,0.0
-16.1,0.0
-15.6,0.0
-16.1,0.0
-15.6,0.0
-15.0,0.0
-15.0,0.0
-13.9,0.0
-13.3,0.0
-12.8,0.0
-11.7,0.0
-10.6,0.0
-10.0,0.0
-8.9,0.0
-7.8,0.0
-6.7,0.0
-6.1,0.0
-5.0,0.0
-4.4,-0.1
-1.7,-0.1
-1.1,-0.1
-1.7,0.0
-2.8,0.0
-2.8,0.0
-3.3,0.0
-3.3,0.0
-2.8,0.0
-2.8,0.0
-2.2,0.0
-1.7,0.0
-1.7,0.0
-2.8,
-2.2,
-2.2,0.0
-2.2,0.0
-2.8,0.0
-2.8,0.0
-3.3,0.0
-3.3,0.0
-3.3,0.0
-3.3,
-2.8,
-2.8,
-2.8,
-2.8,0.0
-2.8,0.0
-2.8,0.0
-2.8,0.0
-2.2,0.0
-3.3,0.0
-2.8,0.0
-5.0,0.0
-5.0,
-2.8,
-2.8,0.0
-2.2,0.0
-2.2,0.0
-2.2,
-2.2,
-2.2,
-3.3,-0.1
-4.4,-0.1
-5.0,0.0
-5.6,0.0
-6.7,0.0
-7.8,
-8.3,
-8.9,0.0
-8.9,0.0
-8.9,0.0
-8.9,0.0
-8.9,-0.1
-9.4,-0.1
-10.0,-0.1
-10.0,-0.1
-10.6,-0.1
-11.1,
-11.1,0.0
-12.2,0.0
-12.8,
-13.3,
-14.4,
-15.0,
-15.6,0.0
-15.6,
-15.6,0.0
-15.6,0.0
-15.6,0.0
-15.0,0.0
-13.9,0.0
-15.0,0.0
-14.4,0.0
-14.4,0.0
-14.4,0.0
-14.4,0.0
-13.9,0.0
-13.3,0.0
-11.7,0.0
-12.2,0.0
-12.8,0.0
-13.3,0.0
-12.2,-0.1
-11.7,-0.1
-10.0,0.3
-9.4,-0.1
-9.4,-0.1
-9.4,0.0
-9.4,0.0
-9.4,
-9.4,
-9.4,
-10.0,
-10.0,0.0
-9.4,0.0
-8.9,0.0
-7.8,0.0
-7.8,0.0
-7.8,0.0
-7.8,0.0
-8.3,0.0
-8.3,0.0
-8.3,0.0
-8.3,0.0
-8.3,0.0
-7.8,0.0
-8.3,0.0
-9.4,0.0
-9.4,0.0
-9.4,0.0
-10.0,0.0
-10.0,0.0
-10.6,0.0
-10.0,0.0
-10.0,0.0
-9.4,0.0
-9.4,0.0
-8.9,0.0
-7.8,0.0
-7.2,0.0
-7.2,0.0
-7.2,0.0
-7.2,0.0
-7.2,0.0
-6.7,0.0
-6.1,-0.1
-6.7,-0.1
-6.7,-0.1
-10.6,-0.1
-10.0,0.0
-10.6,-0.1
-12.2,-0.1
-15.0,-0.1
-17.8,0.0
-18.9,0.0
-20.0,0.0
-21.1,0.0
-21.7,0.0
-21.7,0.0
-21.1,0.0
-20.6,0.0
-20.0,0.0
-20.6,0.0
-22.2,0.0
-21.7,0.0
-22.2,0.0
-21.7,0.0
-21.1,0.0
-20.6,0.0
-20.0,0.0
-19.4,0.0
-18.9,0.0
-17.8,0.0
-17.2,0.0
-16.7,0.0
-16.7,0.0
-16.1,0.0
-15.6,0.0
-15.0,0.0
-14.4,0.0
-13.9,0.0
-12.8,0.0
-12.2,0.0
-11.7,0.0
-10.6,0.0
-8.9,0.0
-7.8,0.0
-6.7,0.0
-6.1,0.0
-6.1,0.0
-6.1,0.0
-6.1,0.0
-6.7,0.0
-6.7,0.0
-6.7,0.0
-6.7,0.0
-6.1,0.0
-6.7,0.0
-6.7,0.0
-7.2,0.0
-7.2,0.0
-7.2,0.0
-8.3,0.0
-8.9,0.0
-7.2,0.0
-6.1,0.0
-5.0,0.0
-4.4,0.0
-3.9,0.0
-3.3,0.0
-2.8,0.0
-2.2,0.0
-2.2,0.0
-2.2,0.0
-2.2,0.0
-2.2,0.0
-2.2,0.0
-2.2,0.0
-1.7,0.0
-1.7,0.0
-1.7,0.0
-2.2,0.0
-2.8,0.0
-2.8,0.0
-2.8,0.0
-2.8,0.0
-2.8,0.0
-3.3,0.0
-3.9,0.0
-3.3,0.0
-3.3,0.0
-3.3,0.0
-2.8,0.0
-2.8,0.0
-2.8,0.0
-2.8,0.0
-2.8,0.0
-2.8,0.0
-2.2,0.0
-2.8,0.0
-2.8,0.0
-3.3,0.0
-2.2,0.0
-1.7,0.0
-1.7,0.0
-2.2,0.0
-0.6,0.0
0.6,0.0
1.1,0.0
1.1,0.0
0.6,0.0
-1.1,0.0
1.1,0.0
1.1,0.0
1.1,0.0
0.6,0.0
0.6,0.0
0.0,0.0
0.0,0.0
-0.6,0.0
-1.1,0.0
-2.2,0.0
-1.7,0.0
-1.7,0.0
-1.1,0.0
-0.6,0.0
-1.1,0.0
-1.1,0.0
-1.7,0.0
-0.6,0.0
1.7,0.0
1.7,0.0
1.1,0.0
0.6,0.0
0.6,0.0
0.6,0.0
0.6,0.0
0.0,0.0
-1.1,0.0
0.0,0.0
0.6,0.0
0.6,0.0
1.1,0.0
0.6,0.0
0.6,0.0
0.6,0.0
0.6,0.0
0.0,0.0
-1.7,0.0
-1.1,0.0
-1.7,0.0
-1.1,0.0
-1.1,0.0
-0.6,0.0
0.0,0.0
0.0,0.0
0.0,0.0
0.0,0.0
0.6,0.0
0.6,0.0
0.6,0.0
0.6,0.0
0.6,0.0
0.6,0.0
0.0,0.0
0.6,0.0
0.6,0.0
1.1,0.0
2.2,0.0
2.8,0.0
2.8,0.0
2.8,0.0
1.7,0.0
0.0,0.0
-0.6,0.0
-0.6,0.0
-1.1,0.0
-1.7,0.0
3.3,0.0
0.6,0.0
0.0,0.0
1.1,0.0
0.6,0.0
0.6,0.0
-1.1,0.0
-0.6,0.0
0.0,0.0
1.1,0.0
2.2,0.0
2.8,0.0
3.9,0.0
4.4,0.0
5.0,0.0
5.0,0.0
4.4,0.0
4.4,0.0
4.4,0.0
3.3,0.0
3.9,0.0
3.9,0.0
3.3,0.0
2.2,0.0
1.1,0.0
1.1,0.0
5.6,0.0
6.1,0.0
6.1,0.0
5.6,0.0
4.4,0.0
5.6,0.0
5.0,0.0
5.6,0.0
5.0,0.0
4.4,0.0
3.9,0.0
2.2,0.0
1.1,0.0
0.0,0.0
-0.6,0.0
-0.6,0.0
-0.6,0.0
-0.6,0.0
-1.1,0.0
-1.1,0.0
-1.1,0.0
-1.7,0.0
-1.7,0.0
-1.7,0.0
-2.2,0.0
-2.2,0.0
-2.2,0.0
-2.2,0.0
-2.8,0.0
-2.8,0.0
-3.3,0.0
-3.3,0.0
-3.9,0.0
-3.9,0.0
-4.4,0.0
-5.0,0.0
-4.4,0.0
-3.9,0.0
-5.0,0.0
-5.0,0.0
-5.0,0.0
-5.6,0.0
-6.1,0.0
-6.1,0.0
-6.1,0.0
-6.1,0.0
-6.7,0.0
-6.7,0.0
-7.2,0.0
-7.2,0.0
-6.7,0.0
-6.1,0.0
-5.0,0.0
-3.9,0.0
-3.3,-0.1
-3.3,0.0
-2.8,0.0
-1.7,-0.1
-0.6,0.3
0.0,-0.1
-0.6,-0.1
0.0,-0.1
1.1,1.3
1.1,5.8
1.1,1.5
2.2,-0.1
2.2,0.0
2.8,0.3
2.8,0.3
3.3,-0.1
3.9,3.6
4.4,2.0
5.6,2.0
6.1,1.0
7.2,3.0
7.2,1.0
8.3,0.8
10.0,0.0
10.0,0.0
10.0,0.0
9.4,0.0
9.4,0.0
9.4,0.0
8.9,0.0
7.8,0.0
7.8,0.0
7.2,0.0
6.7,0.0
7.2,0.0
6.7,0.0
6.7,0.0
7.2,0.8
6.7,1.3
5.0,0.5
5.6,2.0
4.4,2.0
3.3,1.5
1.7,0.8
0.0,0.5
-0.6,-0.1
-1.7,0.0
-1.7,-0.1
-2.8,0.0
-2.8,0.0
-2.8,0.0
-2.8,-0.1
-3.3,-0.1
-3.9,-0.1
-4.4,0.0
-4.4,0.0
-4.4,0.0
-4.4,-0.1
-3.3,-0.1
-2.8,-0.1
-3.9,0.3
-5.0,-0.1
-5.6,0.5
-5.6,0.5
-6.1,0.8
-6.7,0.5
-6.7,0.8
-7.8,-0.1
-7.8,-0.1
-8.3,0.0
-7.8,0.0
-8.3,0.0
-8.3,0.0
-8.3,0.0
-7.8,-0.1
-7.8,-0.1
-7.2,0.0
-7.2,0.0
-7.2,0.0
-7.2,0.0
-7.2,0.0
-7.8,0.0
-8.3,0.0
